Red: Red de Vigilancia y Control de la Contaminación AtmosféricaEstación: 46250050-València - Bulevard Sud
	
FECHA	NH3	As	Pb	BaP	Cd	SO2	NO	NO2	PM10	Ni	NOx	O3	FA	DahA	IcdP	BkFA	BjFA	BbFA	BaA
	µg/m³N	ng/m³N	µg/m³	ng/m³N	ng/m³N	µg/m³	µg/m³	µg/m³	µg/m³	ng/m³N	µg/m³	µg/m³	ng/m³N	ng/m³N	ng/m³N	ng/m³N	ng/m³N	ng/m³N	ng/m³N
01/01/2023	5			0,43		6	10	23	27		38	21	0,2	0,1	0,37	0,4	0,24	0,52	0,17
02/01/2023	8	0,42	0,01		0,15	5	18	29	34	2,36	56	16							
03/01/2023	9					5	24	28	39		66	16							
04/01/2023	7	0,53	0,01		0,43	5	22	27	26	1,99	61	15							
05/01/2023	6			0,62		6	16	25	27		50	15	0,23	0,04	0,44	0,45	0,2	0,46	0,27
06/01/2023	6					6	15	24	26		47	18							
07/01/2023	6					6	8	11	20		23	34							
08/01/2023	8	0,05	0,01		0,03	4	3	5	7	1,01	9	51							
09/01/2023	6			0,18		4	15	25	15		47	32	0,15	0,04	0,12	0,14	0,04	0,14	0,12
10/01/2023	4	0,05	0,01		0,13	5	11	26	17	1,85	43	25							
11/01/2023	5	0,05	0,01		0,07	5	9	22	17	1,85	35	20							
12/01/2023	5	0,11	0,01		0,13	6	14	27	22	2,68	49	16							
13/01/2023	5			0,3		6	31	33	30		80	13	0,33	0,04	0,35	0,43	0,2	0,51	0,27
14/01/2023	6	0,05	0,01		0,07	6	5	15	17	0,88	22	24							
15/01/2023	5					5	2	5	13		7	43							
16/01/2023	4	0,19	0,01		0,03	5	1	4	14	1,45	6								
17/01/2023	5					5	2	6	11		8								
18/01/2023	2	0,06	0,01		0,06	5	2	11	6	0,61	13								
19/01/2023	2					6	1	6	7		8								
20/01/2023	3	0,06	0,01		0,06	5	17	26	17	1,31	52	41							
21/01/2023	3			0,18		6	7	15	18		26	43	0,43	0,04	0,24	0,28	0,13	0,29	0,16
22/01/2023	2	0,06	0,01		0,04	5	1	5	9	0,75	6								
23/01/2023	2					4	15	29	22		51	28							
24/01/2023	3	0,14	0,01		0,06	3			14	1,08		35							
25/01/2023	3					3	11	31	18		48	28							
26/01/2023	3	0,28	0,01		0,21	3	21	32	22	1,92	63	28							
27/01/2023	4					3	20	33	18		63	27							
28/01/2023	4	0,14	0,01		0,11	3	9	21	15	1,22	34	43							
29/01/2023	4			0,11		3	3	13	17		18	44	0,16	0,04	0,18	0,18	0,09	0,21	0,09
30/01/2023	6	0,28	0,01		0,24	3	18	31	27	2,75	58	24							
31/01/2023	6					3	32	36	24		85	20							
01/02/2023	6	0,42	0,01		0,32	3	25	36	29	4,84	74	25							
02/02/2023	6					3	24	38	36		74	25							
03/02/2023	6	0,56	0,01		0,14	3	19	38	32	2,75	66	27							
04/02/2023	5					3	16	40	27		64	24							
05/02/2023	6	0,28	0,01		0,26	3	10	29	30	2,2	43	31							
06/02/2023	7			0,19		3	6	18	27		26	44	0,17	0,04	0,33	0,33	0,17	0,36	0,13
07/02/2023	7	0,28	0,01		0,07	3	13	26	22	1,15	46	40							
08/02/2023	7	0,28	0,01		0,04	3	6	18	10	0,6	27	50							
09/02/2023	6	0,28	0,01		0,04	3	7	20	18	1,02	32	61							
10/02/2023	5					3	28	37	27		79	24							
11/02/2023	5	0,28	0,01		0,11	3	11	31	23	2,55	48	40							
12/02/2023	5					3	8	29	20		41	43							
13/02/2023	5	0,42	0,01		0,29	3	15	33	31	4,31	56	36							
14/02/2023	6			0,12		3	14	30	24		51	48	0,14	0,04	0,19	0,22	0,12	0,27	0,25
15/02/2023	6	0,56	0,01		0,11	3	20	33	22	2,23	63	46							
16/02/2023	6					3	18	38	25		66	27							
17/02/2023	5	0,56	0,01		0,22	3	22	37	29	2,36	71	28							
18/02/2023	6					3	11	34	30		51	34							
19/02/2023	7	0,42	0,01		0,33	3	11	31	33	1,95	47	30							
20/02/2023	8					3	30	52	51		98	14							
21/02/2023	8	1,11	0,01		0,53	3	30	53	43	4,03	99	12							
22/02/2023	10			0,25		5	35	38	46		91	23	0,22	0,04	0,38	0,47	0,24	0,57	0,19
23/02/2023	9	0,7	0,01		0,24	3	13	29	46	3,76	49	31							
24/02/2023	5					3	9	26	12		40	40							
25/02/2023	5	0,14	0,01		0,06	3	4	16	12	1,81	23	52							
26/02/2023	4					3	3	8	16		13	70							
27/02/2023		0,28	0,01		0,06	3	3	15	19	2,17	20	73							
28/02/2023		0,42	0,01		0,11	3	7	42	17	1,47	51	56							
01/03/2023		0,14	0,01		0,19	3	4	37	16	1,06	43	62							
02/03/2023				0,33		3	10	56	27		71	52	0,44	0,04	0,32	0,36	0,21	0,48	0,24
03/03/2023		0,28	0,01		0,17	5	12	34	28	2,03	51	63							
04/03/2023						7	5	22	30		28	70							
05/03/2023		0,28	0,01		0,08	5	4	17	26	1,61	24	73							
06/03/2023						4	4	16	14		22	65							
07/03/2023		0,28	0,01		0,04	3	3	6	20	3,61	10	69							
08/03/2023						3	3	4	11		8	57							
09/03/2023		0,28	0,01		0,03	3	3	6	19	2,5	10	56							
10/03/2023				0,04		3	3	7	18		12	73	0,04	0,04	0,04	0,04	0,04	0,04	0,04
11/03/2023		0,28	0,01		0,04	3	3	3	24	1,94	7	60							
12/03/2023						3	4	9	24		15	46							
13/03/2023		0,56	0,01		0,17	4	27	23	49	7,64	64	43							
14/03/2023				0,04		3	5	24	23		32	69	0,1	0,04	0,04	0,04	0,04	0,08	0,04
15/03/2023		0,42	0,01		0,17	4	14	32	36	3,89	53	55							
16/03/2023		0,56	0,01		0,1	5	12	27	35	3,19	46	58							
17/03/2023		0,28	0,01		0,06	4	6	29	35	4,73	38	56							
18/03/2023				0,04		4	3	17	35		21	59	0,09	0,04	0,13	0,09	0,04	0,16	0,04
19/03/2023		0,28	0,01		0,1	3	4	20	26	2,36	25	59							
20/03/2023						4	9	25	22		38	58							
21/03/2023		0,63	0,01		0,11	5	19	31	43	10,61	60	60							
22/03/2023						5	14	30	26		50	63							
23/03/2023		0,49	0,01		0,17	5	19	33	31	5,32	62	61							
24/03/2023						5	18	42	42		69	52							
25/03/2023		0,35	0,01		0,07	4	6	27	26	5,74	36								
26/03/2023				0,04		3	4	12	18		17		0,11	0,04	0,04	0,04	0,04	0,04	0,04
27/03/2023		0,14	0,01		0,37	3	4	16	24	1,83	22								
28/03/2023						4	12	25	29		43								
29/03/2023		0,42	0,01		0,8	4	18	22	28	2,95	49								
30/03/2023						4	20	34	38		64	41							
31/03/2023		0,28	0,01		0,08	3	3	7	31	1,28	11	66							
01/04/2023						3	3	7	35		11	72							
02/04/2023		0,14	0,01		0,01	3	3	4	18	1,56	8	82							
03/04/2023				0,04		3	6	17	18		27	67	0,08	0,04	0,08	0,04	0,04	0,11	0,04
04/04/2023						4	4	19			25	58							
05/04/2023						3	4	21	40		27	53							
06/04/2023		0,56	0,01		0,07	3	10	21	23	2,43	37	58							
07/04/2023						3	2	8	21		11	73							
08/04/2023		0,28	0,01		0,06	4	5	15	32	4,65	22	71							
09/04/2023						3	2	6	23		9	81							
10/04/2023						3	3	11	29		14	64							
11/04/2023				0,04		3	3	13	36		18	80	0,04	0,04	0,04	0,04	0,04	0,04	0,04
12/04/2023		0,56	0,01		0,35	4	6	15	34	0,96	23	65							
13/04/2023						4	3	14	26		19	75							
14/04/2023		0,83	0,01		0,1	5	4	15	23	1,24	22	60							
15/04/2023						3	4	10	31		17	73							
16/04/2023		0,28	0,01		0,06	4	3	8	24	0,82	13	83							
17/04/2023						5	4	12	29		18	74							
18/04/2023		0,42	0,01		0,06	5	5	13	34	7,37	21	87							
19/04/2023				0,18		6	8	27	22		38	65	0,15	0,04	0,3	0,21	0,13	0,41	0,12
20/04/2023		0,42	0,01		0,1	8	9	28	34	3,47	41	67							
21/04/2023		0,56	0,01		0,1	8	12	20	52	6,53	38	76							
22/04/2023		0,56	0,01		0,14	10	4	18	41	6,81	24	79							
23/04/2023						7	3	11	24		15	73							
24/04/2023		0,42	0,01		0,12	7	9	19	29	3,89	32	61							
25/04/2023						8	15	26	37		48	61							
26/04/2023		0,42	0,01		0,06	8	4	12	24	4,67	18	78							
27/04/2023				0,04		8	15	26	28		48	47	0,04	0,04	0,11	0,1	0,07	0,2	0,27
28/04/2023		0,56	0,01		0,08	8	14	22	23	3,83	43	49							
29/04/2023						7	6	18	25		26	53							
30/04/2023		0,56	0,01		0,04	7	3	9	17	2,72	14	64							
01/05/2023				0,04		8	3	7	19		11	70	0,04	0,04	0,04	0,04	0,04	0,04	0,08
02/05/2023		0,28	0,01		0,07	7	10	27	26	4,84	43	48							
03/05/2023						7	8	21	29		33	61							
04/05/2023		0,56	0,01		0,06	8	8	21	33	4,14	33	65							
05/05/2023				0,04		7	5	17	33		25	74	0,04	0,04	0,04	0,04	0,04	0,04	0,04
06/05/2023		0,42	0,01		0,04	9	4	14	26	3,03	20	67							
07/05/2023						8	3	9	22		14	66							
08/05/2023		0,28	0,01		0,06	7	6	17	28	2,61	26	64							
09/05/2023						6	11	23	41		39	63							
10/05/2023		0,28	0,01		0,04	5	5	13	30	2,33	21	63							
11/05/2023						6	4	12	28		17	76							
12/05/2023		0,14	0,01		0,11	3	4	11	21	1,36	16	69							
13/05/2023				0,04		3	3	7	18		12	66	0,04	0,04	0,04	0,04	0,04	0,04	0,04
14/05/2023		0,14	0,01		0,01	3	3	6	18	0,81	10	71							
15/05/2023						3	3	16	49		21	74							
16/05/2023		0,14	0,01		0,03	3	2	12	28	1,92	15	76							
17/05/2023				0,04		3	2	9	30		12	75	0,04	0,04	0,04	0,04	0,04	0,04	0,04
18/05/2023		0,14	0,01		0,07	4	2	8	25	1,5	12	76							
19/05/2023						3	2	14	28		18	71							
20/05/2023		0,28	0,01		0,06	3	1	11	26	2,06	13	74							
21/05/2023				0,04		3	1	7	21		9	81	0,04	0,04	0,04	0,04	0,04	0,04	0,04
22/05/2023		0,28	0,01		0,06	5	3	7	32	2,34	12	85							
23/05/2023		0,42	0,01		0,08	4	6	22	30	0,81	30	63							
24/05/2023		0,56	0,01		0,18	3	8	23	31	2,75	35	52							
25/05/2023				0,04		3	11	26	32		42	46	0,07	0,04	0,04	0,04	0,04	0,1	0,04
26/05/2023		0,42	0,01		0,1	3	7	15	28	1,22	25	63							
27/05/2023						4	3	10	37		15	56							
28/05/2023		0,42	0,01		0,06	4	4	7	25	1,64	12	67							
29/05/2023				0,04		4	6	17	26		27	56	0,04	0,04	0,09	0,07	0,04	0,14	0,04
30/05/2023		0,42	0,01		0,06	4	6	16	26	2,72	24	58							
31/05/2023						4	7	17	29		27	63							
01/06/2023		0,42	0,01		0,1	4	5	13	26	3,41	21	82							
02/06/2023						3	6	10	18		19	84							
03/06/2023		0,28	0,01		0,07	3	3	12	15	4,66	17	66							
04/06/2023						3	3	8	17		12	69							
05/06/2023		0,28	0,01		0,06	3	6	16	20	3,25	25	64							
06/06/2023				0,04		4	6	13	20		22	65	0,04	0,04	0,04	0,04	0,04	0,04	0,04
07/06/2023		0,28	0,01		0,06	3	7	13	14	1,31	23	51							
08/06/2023						3	8	15	20		28	51							
09/06/2023		0,28	0,01		0,04	4	4	6	15	0,75	12	56							
10/06/2023				0,04			3	11	21		16	63	0,04	0,04	0,04	0,04	0,04	0,04	0,04
11/06/2023		0,28	0,01		0,04		3	6	23	3,25	10	63							
12/06/2023		0,42	0,01		0,06	3	5	13	21	2,8	21	50							
13/06/2023		0,42	0,01		0,04	4	5	15	22	1,54	23	57							
14/06/2023				0,1		4	6	15	19		24	62	0,08	0,04	0,14	0,08	0,04	0,15	0,04
15/06/2023		0,42	0,01		0,07	3	6	22	29	2,79	31	71							
16/06/2023						4	6	19	28		29	78							
17/06/2023		0,42	0,01		0,07	4	3	11	30	2,93	16	90							
18/06/2023				0,04		5	3	15	28		20	92	0,04	0,04	0,04	0,04	0,04	0,04	0,04
19/06/2023		0,42	0,01		0,14	4	7	20	34	2,24	31	77							
20/06/2023						4	6	21	38		30	72							
21/06/2023		0,04	0,01		0,07	3	4	13	37	3,01	18	63							
22/06/2023				0,04			4	17	17		23	80	0,04	0,04	0,04	0,04	0,04	0,04	0,04
23/06/2023		0,28	0,01		0,07	4	8	18	23	2,04	30	72							
24/06/2023						4	3	10	24		15	71							
25/06/2023		0,28	0,01		0,04	4	4	11	23	1,77	16	73							
26/06/2023						5	4	11	31		17	78							
27/06/2023		0,42	0,01		0,06	3	4	15	30	3,25	21	66							
28/06/2023						3	5	17	27		25	66							
29/06/2023		0,28	0,01		0,1	3	5	16	33	2,83	24	67							
30/06/2023				0,04		3	4	9	31		15	70	0,04	0,04	0,04	0,04	0,04	0,04	0,04
01/07/2023		0,28	0,01		0,04	3	3	14	24	2,14	18	59							
02/07/2023						3	3	7	22		12	63							
03/07/2023						3	4	11			18	48							
04/07/2023						3	8	11	25		22	38							
05/07/2023		0,42	0,01		0,06	3	7	11	24	1,72	21	43							
06/07/2023						3	4	9	24		15	48							
07/07/2023		0,28	0,01		0,04	3	5	12	26	2	18	46							
08/07/2023				0,04		3	4	11	31		17	50	0,04	0,04	0,04	0,04	0,04	0,04	0,04
09/07/2023		0,42	0,01		0,06	3	4	9	37	8,12	15	53							
10/07/2023		0,42	0,01		0,07	4	5	10	46	5,2	18	47							
11/07/2023						4	5	11			19	37							
12/07/2023						5	5	9			17	43							
13/07/2023		0,42	0,01		0,06	5	5	11	46	4,65	19	43							
14/07/2023						4	4	9			15	55							
15/07/2023						3	4	8			14	60							
16/07/2023						3	3	6			11	59							
17/07/2023						3	4	10			16	51							
18/07/2023						3	10	14	50		29	46							
19/07/2023		0,83	0,01		0,11	3	6	16	50	6,43	24	47							
20/07/2023						3	4	13			19	61							
21/07/2023		0,69	0,01		0,07	3	8	17	39	3,64	30								
22/07/2023						3	4	7	38		12								
23/07/2023		0,56	0,01		0,04	3	4	6	33	3,78	11								
24/07/2023				0,04		3	7	19	46		30		0,04	0,04	0,04	0,04	0,04	0,04	0,04
25/07/2023		0,42	0,01		0,04	3	4	9	29	2,39	15								
26/07/2023						3	4	9	22		16	64							
27/07/2023		0,42	0,01		0,04	3	4	9	28	2,53	15	66							
28/07/2023						3	5	11	36		18	59							
29/07/2023		0,28	0,01		0,04	3	3	5	32	5,87	10	63							
30/07/2023						3	4	6	31		12	56							
31/07/2023		0,28	0,01		0,03	3	4	8	30	4,01	13	60							
01/08/2023				0,04		3	6	15	31		24	49	0,04	0,04	0,04	0,04	0,04	0,04	0,04
02/08/2023		0,56	0,01		0,08	3	6	18	47	7,2	28	65							
03/08/2023						3	4	6	28		12	66							
04/08/2023		0,28	0,01		0,03	3	3	7	27	1,64	12	65							
05/08/2023						3	3	11	24		16	71							
06/08/2023		0,14	0,01		0,01	3	3	8	23	2,06	13	63							
07/08/2023						3	3	7	35		12	69							
08/08/2023		0,14	0,01		0,01	3	3	5	28	1,5	11	70							
09/08/2023				0,04		3	6	15	27		24	57	0,04	0,04	0,04	0,04	0,04	0,07	0,04
10/08/2023		0,42	0,01		0,03	3	5	12	49	3,87	19	65							
11/08/2023				0,04		3	4	15	23		21	71	0,04	0,04	0,04	0,04	0,04	0,04	0,04
12/08/2023		0,21	0,01		0,04	3	3	8	25	3,86	13	72							
13/08/2023						3	3	5	20		10	77							
14/08/2023		0,07	0,01		0,03	3	3	6	21	2,47	11	69							
15/08/2023						3	3	4	28		9	79							
16/08/2023		0,21	0,01		0,04	3	3	7	32	3,72	13	80							
17/08/2023				0,04		3	5	13	31		20	64	0,04	0,04	0,04	0,04	0,04	0,04	0,04
18/08/2023		0,21	0,01		0,06	3	7	15	32	4,42	25	54							
19/08/2023						3	6	11	25		19	54							
20/08/2023		0,21	0,01		0,04	3	3	9	22	6,37	14	53							
21/08/2023						3	6	14	32		23	49							
22/08/2023		0,35	0,01		0,08	3	10	28	40	4,98	44	45							
23/08/2023		0,35	0,01		0,07	3	11	29	45	3,17	46	47							
24/08/2023		0,49	0,01		0,08	3	7	27	43	3,73	37	55							
25/08/2023				0,04		3	7	22	39		32	63	0,04	0,04	0,04	0,04	0,04	0,04	0,04
26/08/2023		0,21	0,01		0,08	3	3	8	30	2,61	13	54							
27/08/2023						3	3	5	18		10	54							
28/08/2023		0,14	0,01		0,03	3	4	10	16	0,71	17	55							
29/08/2023				0,04					16				0,04	0,04	0,04	0,04	0,04	0,04	0,04
30/08/2023		0,14	0,01		0,04	3	5	14	17	2,52	22	54							
31/08/2023						3	6	14	17		22	56							
01/09/2023		0,14	0,01		0,04	3	5	13	22	2,79	21	59							
02/09/2023				0,04		3	3	7	14		13	67	0,04	0,04	0,04	0,04	0,04	0,04	0,04
03/09/2023		0,14	0,01		0,03	3	3	4	25	1,54	9	71							
04/09/2023		0,28	0,01		0,06	3	3	6	44	1,96	12	63							
05/09/2023		0,42	0,01		0,07	3	4	10	42	3,94	16	58							
06/09/2023						3	6	12	27		22	57							
07/09/2023		0,42	0,01		0,08	3	6	19	27	3,25	28	56							
08/09/2023						3	9	23	32		36	47							
09/09/2023		0,42	0,01		0,06	3	4	16	23	2,97	22	47							
10/09/2023				0,04		3	3	12	15		17	51	0,04	0,04	0,04	0,04	0,04	0,04	0,04
11/09/2023		0,42	0,01		0,06	3	6	15	22	2,83	24	56							
12/09/2023						3	15	22	22		45	48							
14/09/2023						3	7	20	25		31	50							
15/09/2023		0,28	0,01		0,04	3	6	22	15	1,13	31	47							
16/09/2023						3	4	15	30		21	48							
17/09/2023		0,69	0,01		0,06	3	4	10	38	2,52	16	44							
18/09/2023				0,09		3	5	20	16		26	42	0,04	0,04	0,04	0,04	0,04	0,04	0,04
19/09/2023		0,56	0,01		0,08	3	14	28	25	1,13	49	34							
20/09/2023						3	9	17	15		30	50							
21/09/2023		0,28	0,01		0,03	3	4	9	17	1,13	16	57							
22/09/2023				0,04		3	8	21	19		32	50	0,04	0,04	0,04	0,04	0,04	0,04	0,04
23/09/2023		0,28	0,01		0,06	3	5	16	19	1,26	24	47							
24/09/2023						3	5	15	21		22	49							
25/09/2023		0,42	0,01		0,11	3	7	24	23	2,47	35	41							
26/09/2023				0,04		3	9	20	19		32	45	0,07	0,04	0,04	0,04	0,04	0,04	0,04
27/09/2023		0,28	0,01		0,04	3	7	21	21	3,03	31	46							
28/09/2023						3	19	27	26		56	43							
29/09/2023		0,56	0,01		0,1	4	21	34	28	3,72	65	35							
30/09/2023						3	8	34	28		47	34							
01/10/2023		0,56	0,01		0,07	3	5	16	22	1,64	24	49							
02/10/2023						3	5	23	26		30	52							
03/10/2023		0,69	0,01		0,07	3	14	21	28	3,25	42	48							
04/10/2023				0,04		3	9	25	29		39	46	0,04	0,04	0,08	0,04	0,04	0,04	0,04
05/10/2023		0,56	0,01		0,1	4	15	27	33	3,95	49	41							
06/10/2023						4	17	28	34		54	38							
07/10/2023		0,42	0,01		0,1	3	5	17	27	2,28	24	42							
08/10/2023						3	4	18	25		24	37							
09/10/2023						3	5	16	23		23	45							
10/10/2023						3	10	27	30		42	41							
11/10/2023		0,56	0,01		0,11	3	10	27	31	3,39	42	42							
12/10/2023				0,04		3	5	18	23		25	50	0,04	0,04	0,04	0,04	0,04	0,04	0,04
13/10/2023		0,42	0,01		0,14	3	10	27	28	3,71	41	44							
14/10/2023						3	6	24	30		33	33							
15/10/2023		0,42	0,01		0,07	3	4	11	24	2,18	17	53							
16/10/2023		0,56	0,01		0,08	3	10	20	29	2,04	35	47							
17/10/2023		0,56	0,01		0,1	3	9	28	31	3,85	42	44							
18/10/2023						3	4	10	26		16	47							
19/10/2023		0,28	0,01		0,07	3	7	15	32	3,43	26	57							
20/10/2023				0,04		3	4	4	30		10	73	0,04	0,04	0,04	0,04	0,04	0,04	0,04
21/10/2023		0,28	0,01		0,07	3	7	16	18	2,22	25	55							
22/10/2023						3	5	12	21		19	55							
23/10/2023		0,14	0,01		0,03	3	4	11	13	1,11	17	57							
24/10/2023						3	4	5	6		11	62							
25/10/2023		0,14	0,01		0,04	3	4	7	9	0,83	12	59							
26/10/2023						3	4	5	12		10	50							
27/10/2023		0,14	0,01		0,04	3	4	10	21	2,36	16	60							
28/10/2023				0,04		3	4	5	11		11	64	0,04	0,04	0,04	0,04	0,04	0,04	0,04
29/10/2023		0,28	0,01		0,04	3	7	19	18	2,92	29	55							
30/10/2023						3	5	15	17		23	48							
31/10/2023		0,42	0,01		0,1	3	16	35	27	4,03	60	30							
01/11/2023				0,04		3	5	12	19		19	48	0,04	0,04	0,04	0,04	0,04	0,04	0,04
02/11/2023		0,28	0,01		0,03	3	4	4	28	2,08	9	67							
03/11/2023						3	4	5	11		10	62							
04/11/2023		0,14	0,01		0,03	3	4	4	12	0,97	9	71							
05/11/2023				0,04		3	4	6	12		11	67	0,04	0,04	0,04	0,04	0,04	0,04	0,04
06/11/2023		0,28	0,01		0,04	3	6	16	26	4,28	24	50							
07/11/2023						3	6	19	14		27	45							
08/11/2023		0,14	0,01		0,07	3	5	20	14	1,22	28	39							
09/11/2023						3	4	14	16		20	52							
10/11/2023		0,14	0,01		0,03	3	4	7	15	1,22	13	55							
11/11/2023						3	4	4	23		9	53							
12/11/2023		0,28	0,01		0,07	3	4	8	21	2,61	13	52							
13/11/2023				0,09		3	12	16	21		35	31	0,04	0,04	0,12	0,09	0,04	0,14	0,1
14/11/2023		0,42	0,01		0,06	3	26	25	24	2,43	64	23							
15/11/2023						3	25	36	29		74	20							
16/11/2023		0,42	0,01		0,18	4	57	54	40	4,51	142	10							
17/11/2023						3	29	40	31		84	13							
18/11/2023		0,42	0,01		0,11	3	12	29	24	5,62	47	21							
19/11/2023						3	13	30	25		49	18							
20/11/2023		0,56	0,01		0,17	3	19	35	32	2,21	64	21							
21/11/2023				0,08		3	14	19	21		40	33	0,04	0,04	0,12	0,08	0,04	0,14	0,08
22/11/2023		0,14	0,01		0,04	3	11	27	21	1,93	44	38							
23/11/2023		0,42	0,01		0,11	3	23	41	31	2,76	76	24							
24/11/2023		0,28	0,01		1,17	3	8	27	19	0,68	40	26							
25/11/2023				0,6		3	24	30	38		67	22	0,04	0,04	0,87	0,68	0,32	1,21	0,52
26/11/2023		0,28	0,01		0,1	3	9	27	28	1,24	41	23							
27/11/2023						3	19	15	34		44	36							
28/11/2023		0,21	0,01		0,05	3	4	7	14	0,57	12	41							
29/11/2023				0,04		3	7	16	13		25	37	0,04	0,04	0,04	0,04	0,04	0,04	0,04
30/11/2023		0,07	0,01		0,02	3	4	9	11	0,99	14	52							
01/12/2023						3	12	13	18		32	53							
02/12/2023		0,14	0,01		0,03	3	4	10	11	0,35	16	48							
03/12/2023						3	10	20	16		35	30							
04/12/2023		0,14	0,01		0,03	3	3	9	6	0,9	14	47							
05/12/2023						3	16	34	16		59	29							
06/12/2023						3	10	24	15		39	30							
07/12/2023				0,18		4	23	19	11		54	29	0,04	0,04	0,28	0,18	0,14	0,29	0,13
08/12/2023						3	4	8	2		13	60							
09/12/2023						3	4	8	4		13	46							
10/12/2023		0,14	0,01		0,01	3	4	4	2	0,49	9	43							
11/12/2023						4	35	26	16		79	33							
12/12/2023		0,28	0,01		0,04	3	12	18	8	1,18	35	40							
13/12/2023						3	8	22	8		34	42							
14/12/2023						3	5	20			27	39							
16/12/2023		0,83	0,01		0,1	4	18	33	25	2,64	61	23							
17/12/2023		0,28	0,01		0,08	4	14	27	19	2,23	49	23							
18/12/2023		0,42	0,01		0,35	6	46	44	36	3,34	114	13							
19/12/2023						6	37	42	39		99	15							
20/12/2023		0,14	0,01		0,08	3	10	27	21	1,11	42	31							
21/12/2023						4	19	30	20		60	28							
22/12/2023		0,28	0,01		0,13	4	38	36	27	1,53	94	25							
23/12/2023				0,31		4	20	34	25		64	24	0,04	0,04	0,45	0,34	0,27	0,56	0,23
24/12/2023		0,28	0,01		0,1	4	15	25	28	1,95	48	21							
25/12/2023						5	24	29	29		66	16							
26/12/2023		0,42	0,01		0,43	6	58	45	38	2,61	134	8							
27/12/2023						5	34	44	33		96	15							
28/12/2023		0,7	0,01		0,47	6	54	51	47	3,31	134	9							
29/12/2023						5	76	58	67		174	4							
30/12/2023		0,42	0,01		0,22	3	28	41	49	3,17	84	15							
31/12/2023						3	5	8	22		16	48							
