Red: Red de Vigilancia y Control de la Contaminación AtmosféricaEstación: 46250302-València Port llit antic Túria
	
FECHA	PM2.5	Veloc.	Direc.	Temp.	H.Rel.	Pres.	R.Sol.	Precip.	SO2	CO	NO	NO2	PM10	NOx	O3	Veloc.máx.
	µg/m³	m/s	grados	°C	% H.R.	mb	W/m²	l/m²	µg/m³	mg/m³	µg/m³	µg/m³	µg/m³	µg/m³	µg/m³	m/s
01/01/2023	15	1,4	292	10,5	72	1030	87	0	3	0,4	6	22	22	31	26	2,1
02/01/2023	19	1,1	234	11,1	78	1029	78	0	1	0,4	28	38	30	81	16	1,8
03/01/2023	23	0,8	257	12,4	82	1034	68	0	2	0,4	52	46	35	126	9	1,4
04/01/2023	17	1,1	234	11,3	77	1038	107	0	4	0,3	44	41	26	108	11	1,9
05/01/2023	18	1,4	211	9,5	75	1034	109	0	3	0,3	33	42	24	94	12	2,1
06/01/2023	17	1	212	8,9	73	1030	111	0	1	0,3	15	32	20	54	20	1,6
07/01/2023	12	2,2	222	10,8	62	1027	113	0	1	0,2	4	19	16	25	39	4
08/01/2023	3	3,1	214	16,5	59	1020	40	0	2	0,2	3	12	6	18	50	5,9
09/01/2023	4	2,3	251	16,1	60	1025	105	0	3	0,2	18	28	9	57	35	4,2
10/01/2023	7	1,3	231	12,5	60	1032	113	0	1	0,2	30	38	14	84	25	2,3
11/01/2023	8	1,3	232	12,9	64	1029	107	0	1	0,2	26	31	15	70	15	2,3
12/01/2023	9	1,7	206	10,8	68	1032	120	0	5	0,1	25	37	18	75	17	2,7
13/01/2023	12	1,1	213	10,2	59	1030	106	0	5	0,2	25	38	20	76	11	1,8
14/01/2023	10	1,7	201	10,8	62	1029	123	0	1	0,1	8	25	13	37	24	2,8
15/01/2023	6	2,9	231	12,2	52	1023	105	0	1	0,1	2	11	11	15	43	5,4
16/01/2023	3	4	226	11,3	53	1016	100	0	1	0,1	2	9	11	13	56	8
17/01/2023	3	5,1	249	14,9	48	1003	125	0	2	0,1	3	10	16	14	62	11,3
18/01/2023	2						94	0	1	0,1			4			
19/01/2023	3	3,3	242	8,7	42	1020	111	0	1	0,1	3	8	6	12	61	6,7
20/01/2023	4	3	243	11,7	49	1020	125	0	1	0,1	18	28	8	55	42	5,1
21/01/2023	4	2,7	310	8,6	42	1024	135	0	1	0,1	6	14	9	22	54	4,7
22/01/2023	3	2,6	278	7,5	29	1028	137	0	1	0,1	3	5	5	9	67	4,3
23/01/2023	6	1,5	248	6,1	42	1027	123	0	1	0,2	43	43	13	108	30	2,4
24/01/2023	7	1,6	328	6,1	50	1030	136	0	3	0,2	15	28	12	51	38	2,7
25/01/2023	10	1,7	292	7,6	52	1029	100	0	3	0,2	17	36	17	63	32	2,9
26/01/2023	11	1,6	198	6,3	55	1022	138	0	4	0,2	48	45	19	119	20	2,4
27/01/2023	10	1,7	203	6	53	1019	142	0	4	0,2	39	47	17	105	22	2,5
28/01/2023	6	1,6	226	6,1	49	1021	142	0	1	0,1	8	24	9	36	50	2,6
29/01/2023	5	1,4	307	5,5	63	1028	55	7,6	1	0,1	4	14	8	21	49	2,3
30/01/2023	11	1,6	226	6,3	68	1031	147	0	2	0,2	34	34	17	86	23	2,6
31/01/2023	14	1,2	234	6,8	65	1030	150	0	2	0,2	39	44	21	104	16	2
01/02/2023	18	1,2	242	7,1	67	1031	148	0	5	0,2	52	53	27	133	13	1,8
02/02/2023	19	1,3	220	7,9	68	1031	152	0	5	0,2	31	48	26	96	20	2,1
03/02/2023	21	1,1	224	8,3	63	1032	155	0	3	0,2	38	56	31	115	14	1,9
04/02/2023	16	1,2	194	9,1	47	1029	160	0	2	0,2	21	50	25	81	19	1,8
05/02/2023	14	1,1	216	9	62	1031	156	0	4	0,2	8	35	20	48	27	1,7
06/02/2023	13	3,7	336	7	80	1030	22	4,8	5	0,2	7	28	25	39	31	6,4
07/02/2023	9	2,9	349	8,4	65	1026	91	0	1	0,2	7	24	15	34	46	4,8
08/02/2023	10	3,6	341	7,8	87	1029	24	20	1	0,1	5	25	22	32	47	6,3
09/02/2023	8	2,9	6	8,2	74	1035	139	0,2	1	0,1	8	26	15	39	61	5
10/02/2023	14	1	278	6,9	75	1039	107	0	1	0,2	29	40	20	85	28	1,7
11/02/2023	11	1,6	340	7,4	69	1037	114	0	3	0,2	7	29	14	41	49	2,5
12/02/2023	14	1	302	7,6	69	1035	96	0	3	0,2	8	32	17	43	49	1,7
13/02/2023	15	1,2	220	7,3	74	1038	112	0	1	0,2	36	48	23	103	25	1,9
14/02/2023	14	1,5	353	9,4	76	1035	75	0	1	0,2	14	35	18	56	45	2,4
15/02/2023	11	1,6	10	10,1	76	1031	148	0	1	0,2	21	39	17	72	44	2,5
16/02/2023	19	1	291	9,7	78	1031	152	0	2	0,3	36	45	28	99	25	1,6
17/02/2023	22	1,3	216	8,7	74	1033	182	0	1	0,2	37	48	31	106	19	2
18/02/2023	20	1	207	8,2	69	1032	104	0	1	0,2	16	45	26	69	24	1,6
19/02/2023	26	0,8	205	9,1	73	1028	159	0	2	0,3	17	38	32	65	20	1,3
20/02/2023	31	0,8	168	9,5	75	1026	161	0	4	0,3	65	55	45	154	8	1,3
21/02/2023	27	1,1	208	9,5	67	1021	111	0	2	0,3	59	60	46	151	8	1,8
22/02/2023	30	1,3	328	9,7	84	1018	158	0	1	0,3	37	45	43	101	16	2
23/02/2023	35	1,1	283	10,5	80	1011	113	0	2	0,2	21	39	55	71	21	1,8
24/02/2023	5	1,6	208	8	56	1011	150	0	1	0,2	27	42	13	83	27	2,6
25/02/2023	7	2,3	218	8,7	57	1007	183	0	1	0,1	7	26	13	37	40	3,7
26/02/2023	4	2,9	268	9	46	1006	165	0	1	0,1	5	15	8	22	56	5
27/02/2023	4	3,9	308	4,9	33	1019	166	0	2	0,1	11	15	9	32	56	6,6
28/02/2023	6	2,1	268	7,9	39	1019	204	0	1	0,1	20	30	13	61	45	3,8
01/03/2023	7	2,2	271	6,3	50	1019	195	0	1	0,2	20	30	16	60	48	3,7
02/03/2023	14	1,7	262	7,1	49	1020	203	0	1	0,2	23	41	24	76	42	2,8
03/03/2023	12	2,2	236	8,6	49	1021	185	0	3	0,2	22	42	20	75	36	3,5
04/03/2023	15	1,7	213	7,6	63	1023	211	0	3	0,2	8	26	20	38	47	2,6
05/03/2023	14	1,9	205	9,1	69	1018	179	0,8	2	0,2	5	21	19	28	52	3,2
06/03/2023	5	2,4	229	12,3	60	1012	222	0,2	2	0,2	5	18	9	25	49	4,6
07/03/2023	4	3,1	236	15,6	51	1010	177	0	1	0,1	3	13	10	17	55	6,1
08/03/2023	3	3	229	19	52	1009	160	0	1	0,1	3	9	7	13	44	5,9
09/03/2023	4	3,1	232	19,3	49	1007	122	0	3	0,1	2	9	10	13	44	6,2
10/03/2023	6	3,1	239	19,8	40	1012	218	0	3	0,1	2	10	12	13	56	6
11/03/2023	7	3,4	230	20,2	47	1013	197	0	4	0,1	2	5	13	9	43	6,6
12/03/2023	4	2,1	206	18,8	56	1015	230	0	4	0,1	5	8	7	15	32	3,5
13/03/2023	10	2,1	205	18,7	55	1009	215	0	1	0,1	22	22	28	56	19	4,1
14/03/2023	6	2,3	275	16,2	44	1014	242	0	1	0,1	16	25	23	50	43	4,1
15/03/2023	12	2,1	130	13	62	1018	241	0	1	0,1	23	34	42	70	44	3,2
16/03/2023	15	1,5	21	11,8	79	1016	241	0	1	0,1	7	14	25	24	62	2,4
17/03/2023	12	1,4	25	12,3	79	1015	198	0	2	0,1			18		82	2,3
18/03/2023	20	2	247	13,5	73	1013	168	0	3	0,2			32			3,4
19/03/2023	25	1,3	168	13	65	1019	248	0	2	0,2			32		51	2
20/03/2023	14	2,3	172	13,2	68	1019	241	0	2	0,2			26		45	3,4
21/03/2023	14	2	359	12,8	78	1017	224	0	6	0,2			25		76	3,1
22/03/2023	19	1,8	12	12,3	83	1015	247	0	8	0,2			29		60	2,8
23/03/2023	21	1,7	16	12,8	86	1013	244	0	7	0,2			29			2,7
24/03/2023	19	1,7	238	16,6	63	1011	157	0	7	0,2	11	33	30	50		3
25/03/2023	15	1,7	0	14,3	80	1016	258	0	6	0,1	9	27	20	41		2,6
26/03/2023	6	2,4	247	19,9	46	1011	235	0	6	0,1	3	14	14	19		4,4
27/03/2023	9	2,4	272	15,5	41	1020	278	0	3	0,1	12	31	41	49		3,9
28/03/2023	14	1,8	152	12,7	65	1026	258	0	4	0,2	21	38	37	70		2,8
29/03/2023	12	1,9	109	13,2	79	1023	268	0	9	0,2	23	27	27	62		2,9
30/03/2023	11	1,8	242	16,9	66	1019	208	0	9	0,2	17	34	26	60	50	3,2
31/03/2023	7	3,1	253	22,5	35	1013	160	0	3	0,1	2	7	24	10	85	6,6
01/04/2023	11	2,8	267	17,5	50	1015	233	0	3	0,1	8	13	27	25	77	4,8
02/04/2023	2	3,6	308	15,8	35	1020	285	0	4	0,1	4	8	8	13	89	6,3
03/04/2023	7	2,4	180	13,4	47	1018	278	0	4	0,2	16	26	29	50	65	3,7
04/04/2023	9	1,6	353	12,5	66	1016	287	0	6	0,2	14	20	30	40	65	2,5
05/04/2023	11	2,1	9	12,9	71	1020	286	0	6	0,2	9	18	36	31	69	3,2
06/04/2023	9	2,1	130	12,5	70	1020	273	0	7	0,2	11	19	19	36	66	3,1
07/04/2023	7	2,5	243	13,3	67	1018	292	0	7	0,2	7	12	14	22	82	3,7
08/04/2023	8	2,2	28	13,1	76	1016	277	0	3	0,2	4	10	14	15	84	3,8
09/04/2023	7	1,8	132	13,8	82	1018	277	0	3	0,1	5	7	11	13	90	2,7
10/04/2023	13	1,6	22	14,1	84	1019	238	0	2	0,1	5	10	18	17	76	2,5
11/04/2023	13	1,8	20	15	83	1017	269	0	1	0,1	11	19	22	35	78	2,7
12/04/2023	9	2,7	242	20,4	48	1006	265	0	4	0,1	5	16	26	22	67	5
13/04/2023	6	2,7	134	14,8	63	1014	275	0	5	0,2	15	21	23	44	63	4,1
14/04/2023	5	2,5	242	19,1	37	1011	280	0	2	0,1	5	10	17	17	67	4,9
15/04/2023	6	3,1	309	19,3	42	1012	297	0	3	0,1	8	11	16	22	75	5
16/04/2023	4	2,4	99	15,4	51	1018	314	0	4	0,1	6	12	10	22	78	3,6
17/04/2023	6	1,8	30	13,9	64	1015	311	0	4	0,1	5	12	13	18	78	2,9
18/04/2023	8	2,6	96	15,1	72	1015	303	0	7	0,1	18	25	18	53	71	3,8
19/04/2023	8	1,7	31	14,7	69	1015	283	0	8	0,1	15	21	15	43	75	2,7
20/04/2023	10	2,2	163	15,5	67	1009	308	0	5	0,2	17	30	25	56	62	3,5
21/04/2023	13	3,1	14	16	81	1006	298	0	5	0,2	9	15	25	28	89	5
22/04/2023	15	1,9	15	16,1	80	1009	234	0	2	0,2	3	7	24	12	98	2,9
23/04/2023	12	1,9	44	16,3	73	1011	319	0	1	0,1	5	13	16	20	75	3
24/04/2023	10	1,8	42	17,4	71	1013	311	0	2	0,1	9	21	19	35	63	2,9
25/04/2023	11	2	134	18	69	1011	293	0	2	0,2	19	28	25	57	56	3,3
26/04/2023	11	2,1	30	17,2	83	1013	291	0	7	0,1	9	14	19	28	80	3,4
27/04/2023	12	1,3	60	17,1	84	1013	265	0	8	0,1	13	21	21	41	56	2,1
28/04/2023	10	1,3	24	17,5	86	1013	236	0	8	0,1	10	20	14	35	60	2,2
29/04/2023	8	1,9	353	18,3	84	1009	172	0	6	0,1	5	17	15	24	59	3,1
30/04/2023	7	2,1	66	19	75	1012	255	0	6	0,1			12		67	3,2
01/05/2023	7	2,1	37	18,5	82	1013	326	0	6	0,1			11		67	3,2
02/05/2023	7	1,6	76	17,7	67	1014	329	0	6	0,1			18		50	2,5
03/05/2023	9	2,2	122	17,8	71	1015	281	0	6	0,1			20		49	3,3
04/05/2023	8	2,2	21	17,6	77	1015	262	0	6	0,1			18		69	3,6
05/05/2023	11	2,1	17	18,2	83	1015	313	0	5	0,1			18		74	3,3
06/05/2023	10	1,6	39	18,6	76	1012	298	0	6	0,1	5	12	16	19	77	2,5
07/05/2023	6	1,9	17	18,6	80	1015	230	0,6	5	0,1	3	6	10	9	79	3,2
08/05/2023	12	1,7	118	19,1	79	1017	251	0	6	0,1	18	27	27	54	64	2,6
09/05/2023	12	2	154	19,2	72	1014	284	0	6	0,1	26	34	26	73	53	3,2
10/05/2023	8	2,4	101	19,1	68	1014	321	0	6	0,1	18	26	23	54	56	3,7
11/05/2023	5	2,4	77	17,9	64	1013	244	0	7	0,1	16	25	14	49	66	3,8
12/05/2023								0								
15/05/2023	11	2,8	146	19	47	1011	390	0	5	0,1	23	42	39	76	67	4,3
16/05/2023	5	2,6	295	18,5	44	1011	347	0	5	0,2	17	21	23	46	78	4,2
17/05/2023	8	2	131	17,3	51	1014	342	0	5	0,1	13	23	21	43	69	3
18/05/2023	9	2,7	123	17,1	68	1017	333	6,4	3	0,2	14	22	22	43	72	4,1
19/05/2023	7	2,1	98	16,9	59	1015	334	0,8	3	0,2	9	18	15	32	82	3,3
20/05/2023	8	2,1	73	17	57	1013	347	0	6	0,2	6	13	13	21	87	3
21/05/2023	7	2,2	54	17,6	67	1011	321	0	6	0,1	4	11	11	16	96	3,2
22/05/2023	7	2,8	20	17,5	74	1012	217	0	8	0,1	5	9	12	17	89	4,7
23/05/2023	10	3,1	337	16,7	85	1012	70	69,4	7	0,2	4	15	16	20	72	5,5
24/05/2023	12	1,4	64	18	78	1009	200	2	6	0,2	13	27	17	46	75	2,1
25/05/2023								0								
26/05/2023								0								
27/05/2023	16	1,6		17,9	78	1009	219	0	6	0,1	4	10	25	16	47	2,5
28/05/2023	11	1,4		16,9	81	1006	169	3,4	2	0,1			20		55	2,2
29/05/2023	11	1,5		18,2	79	1004	280	0	3	0,1			18		41	2,3
30/05/2023	10	1,6		18,1	77	1006	249	0	5	0,1			18		42	2,5
31/05/2023	11	1,9		19,2	73	1005	339	0	5	0,1	17	27	22	53	42	2,8
01/06/2023	14	2,3		18,9	81	1006	264	0	4	0,1	7	14	21	24	70	3,6
02/06/2023	13	2,1	67	19,1	79	1005	329	0	4	0,1	10	19	25	35	63	3,2
03/06/2023	9	1,8	91	19,5	78	1005	304	0	4	0,1	6	11	12	21	62	2,6
04/06/2023	7	1,8	114	19,8	77	1005	307	0	4	0,1	4	7	10	13	61	2,6
05/06/2023	7	1,8	80	20	76	1005	326	0	3	0,1	14	23	13	44	54	2,7
06/06/2023	7	2,6	60	20,2	78	1006	343	0	4	0,1	15	22	14	44	48	3,8
07/06/2023	6	1,4	105	19,6	80	1005	107	0	5	0,1	13	20	12	40	36	2,2
08/06/2023	9	1,5	132	19,6	78	1003	240	0	5	0,1	19	31	18	60	33	2,3
09/06/2023	7	2,6	209	25,3	61	1008	329	0	6	0,1	9	17	14	30	42	4,7
10/06/2023	7	2	101	25,3	65	1015	348	0	7	0,1	7	14	11	25	48	3
11/06/2023	9	2	23	23,4	84	1017	304	5		0,2	4	9	14	14	48	3,2
12/06/2023	9	1,6	98	22,8	81	1017	262	0		0,2	17	26	16	51	35	2,5
13/06/2023	9	2	190	22,7	76	1014	265	2,8	2	0,1	18	30	16	57	42	3,2
14/06/2023	6	2,1	166	23,8	66	1018	351	0,2	2	0,1	19	36	12	64	46	3,2
15/06/2023	10	1,7	115	25,2	67	1021	359	0	6	0,1	15	34	18	57	64	2,6
16/06/2023	11	2,2	31	24,6	74	1022	345	0	6	0,1	18	31	17	58	68	3,4
17/06/2023	12	2,4	111	25,3	68	1019	356	0		0,1	8	23	17	36	79	3,7
18/06/2023	11	1,5	37	24,2	71	1019	124	3,2		0,1	3	12	16	17	92	2,6
19/06/2023	13	1,8	10	23,9	71	1017	313	0	5	0,2	10	27	21	42	69	3,1
20/06/2023	17	1,8	85	24,6	76	1016	304	0	4	0,2	13	33	28	54	64	2,8
21/06/2023	15	1,7	322	24,7	78	1016	275	2,2	6	0,2	5	12	25	20	66	2,9
22/06/2023	5	2	164	26	65	1019	364	0	7	0,1	7	21	11	32	79	3,2
23/06/2023	8	2,3	90	25,9	69	1023	358	0	8	0,2	14	27	14	48	62	3,4
24/06/2023	9	2,5	130	26,3	69	1019	361	0	8	0,1	4	10	14	15	71	3,6
25/06/2023	11	1,8	35	26,6	74	1017	344	0	5	0,1	4	10	17	16	67	2,7
26/06/2023	9	2,4	23	26,7	79	1017	303	0,4	5	0,1	7	20	17	31	65	3,9
27/06/2023	10	2	25	26,4	79	1016	333	0	5	0,1	7	15	19	25	63	3,2
28/06/2023	11	2,1	25	26,3	82	1014	280	0	5	0,1	6	12	20	20	71	3,3
29/06/2023	12	2,1	73	26,5	78	1013	301	0	6	0,2	9	20	22	34	63	3,4
30/06/2023	8	2,7	81	25,9	62	1017	346	0	7	0,1	10	15	18	30	60	4,2
01/07/2023	9	2,2	101	25,3	68	1017	357	0	4	0,1	4	9	15	16	63	3,1
02/07/2023	10	2,1	80	26,6	69	1015	350	0	4	0,2	5	8	16	15	61	3,2
03/07/2023	10	2,6	358	25,3	84	1017	260	24	3	0,2	9	14	21	28	44	4,2
04/07/2023	8	1,7	66	25,8	81	1014	340	0,2	4	0,2	10	15	16	30	37	2,7
05/07/2023	7	2	22	26,4	80	1015	314	0	4	0,1	8	9	13	22		3,3
06/07/2023	8	2,3	43	26,8	79	1013	310	0	4	0,2	14	13	14	33		3,5
07/07/2023	7	2,1	14	26,3	80	1013	237	0	7	0,2	6	8	14	16		3,4
08/07/2023	11	1,7	87	26,8	77	1015	344	0	6	0,2	5	9	19	16	42	2,5
09/07/2023	14	1,7	93	27,5	81	1017	334	0	7	0,1	5	6	22	13	44	2,5
10/07/2023	15	1,9	43	27,5	82	1018	313	0	6	0,1	8	9	34	21	32	3
11/07/2023	21	1,9	144	27,9	84	1013	280	0	5	0,1	12	18	52	37	25	3,2
12/07/2023	20	2,2	31	27,9	84	1012	300	0	4	0,1	7	8	42	18	25	3,6
13/07/2023	14	2,3	69	28	79	1015	322	0	2	0,1	11	16	29	33	27	3,6
14/07/2023	12	2,7	99	28	78	1013	342	0	2	0,1	14	21	26	42	44	3,9
15/07/2023	16	2,6	17	28,3	80	1009	341	0	5	0,1	5	8	30	15	56	3,9
16/07/2023	13	3	30	27,7	81	1013	221	0	5	0,1	5	7	27	13	53	4,8
17/07/2023	13	1,9	52	28,1	82	1015	326	0	3	0,1	8	7	29	19	44	3
18/07/2023	16	1,6	98	28	82	1014	315	0	3	0,2	10	15	32	30	39	2,5
19/07/2023	20	1,7	83	28,7	84	1012	311	0	2	0,2	8	13	40	26	30	2,6
20/07/2023	16	1,9	57	28,7	82	1009	236	0,2	2	0,1	8	13	31	24	48	3
21/07/2023	15	2,2	39	28,5	78	1012	337	0	4	0,1	10	16	32	30	39	3,5
22/07/2023	12	3,2	51	28,4	80	1017	318	0	5	0,2	8	9	25	20	56	5,1
23/07/2023	14	2	74	28,8	83	1014	292	0	4	0,2	5	9	29	15	43	3
24/07/2023	17	1,9	6	30,1	73	1008	253	0	4	0,2	13	24	37	43	34	3,4
25/07/2023	8	2,8	59	28,1	66	1014	333	0	7	0,2	15	19	23	42	50	4,6
26/07/2023	8	2,5	65	27,5	63	1018	320	0	8	0,1	18	21	19	49	48	3,9
27/07/2023	10	3	66	28,3	73	1015	306	0	5	0,2	18	23	25	49	44	4,5
28/07/2023	9	2,6	43	28,4	78	1014	332	0	4	0,1	8	11	20	22	55	4
29/07/2023	7	2,6	43	28,5	78	1013	337	0	5	0,1	4	5	14	9	55	3,9
30/07/2023	9	2,3	41	28,4	80	1017	300	0	5	0,1	5	7	18	14	50	3,6
31/07/2023	10	2,2	68	28,7	81	1015	282	0	5	0,2	11	14	26	29	43	3,3
01/08/2023	12	1,6	82	29,1	77	1012	324	0	5	0,2	10	16	26	31	39	2,4
02/08/2023	14	2,3	143	30	74	1009	332	0	6	0,2	11	28	34	44	43	3,5
03/08/2023	11	3,1	53	28,3	72	1013	302	0	6	0,2	15	14	39	36	48	5,1
04/08/2023	5	2,9	38	26,5	46	1020	346	1	5	0,1	10	14	19	29	53	4,5
05/08/2023	5	2,8	196	25,8	52	1021	339	0	5	0,1	5	10	15	17	68	4,2
06/08/2023	5	2,1	109	26,5	60	1020	330	0	5	0,1	5	8	13	16	57	3,1
07/08/2023	8	3,1	54	26,5	68	1022	321	0	7	0,1	17	20	19	46	51	4,7
08/08/2023	9	2,7	121	27,1	74	1020	248	0	6	0,1	19	25	21	53	43	4
09/08/2023	7	1,7	95	27,4	76	1020	276	0	6	0,2	9	17	17	31	51	2,5
10/08/2023	10	2,7	21	29	79	1019	292	0	2	0,2	9	15	24	28	54	4,5
11/08/2023	10	1,9	82	28	82	1021	315	0	2	0,2	8	18	21	30	56	2,9
12/08/2023	13	2	93	27,6	81	1020	299	0	5	0,1	4	10	22	16	60	3,1
13/08/2023	9	2,4	75	27,7	79	1018	281	0	6	0,1	5	10	16	17	64	3,6
14/08/2023	6	2,1	72	28	78	1015	293	0	7	0,2	8	9	13	21	59	3,3
15/08/2023	8	2,3	27	28	79	1016	287	0	7	0,1	3	3	16	7	74	3,6
16/08/2023	10	2,2	18	28,1	76	1015	280	0	5	0,1	6	7	19	15	74	3,5
17/08/2023	12	1,8	15	28,1	77	1014	295	0	5	0,1	6	7	21	15	65	2,8
18/08/2023	15	1,7	103	28	79	1014	290	0	5	0,1	11	15	26	31	41	2,6
19/08/2023	13	1,5	46	28,1	81	1016	282	0	4	0,2	4	6	21	11	51	2,4
20/08/2023	12	1,4	134	28,6	80	1018	297	0	5	0,1	4	8	19	14	42	2,2
21/08/2023	14	1,4	158	28,9	78	1019	301	0	5	0,1	10	20	30	34	30	2,1
22/08/2023	16	1,3	144	29,2	67	1018	298	0	7	0,1	12	30	45	49	33	2
23/08/2023	16	1,3	150	30,1	63	1016	296	0	7	0,1	17	37	44	63	29	1,9
24/08/2023	19	1,9	148	30	61	1016	297	0	5	0,1	15	39	69	62	35	2,8
25/08/2023	17	2,4	355	28,9	71	1013	266	0	4	0,1	11	25	35	42	52	3,9
26/08/2023	16	1,7	346	27,5	81	1012	226	8	4	0,1	3	8	29	12	52	3
27/08/2023	6	3,6	287	25,4	54	1014	280	11	4	0,1	4	8	13	13	42	6,2
28/08/2023	2	2,5	260	26,8	41	1018	299	0	4	0,1	6	13	7	22	52	4,4
29/08/2023	4	2,5	221	26,2	50	1016	295	0	5	0,1	15	19	22	41	50	4,1
30/08/2023	4	2,2	122	25,2	54	1016	260	0	4	0,1	14	20	17	41	50	3,4
31/08/2023	6	2,2	76	25,6	65	1020	291	0	5	0,1	13	20	21	39	52	3,5
01/09/2023	8	2,8	118	25,9	72	1019	250	0	3	0,1	13	24	24	44	51	4,2
02/09/2023	5	3,3	57	24,4	77	1018	151	19,8	3	0,2	4	8	10	14	73	5,5
03/09/2023	11	5,1	8	24,1	88	1018	76	27,6	6	0,1	4	4	22	8	77	9,3
04/09/2023	17	5,3	2	25,7	84	1017		0	6	0,2	6	10	46	19	72	9,2
05/09/2023	13	2,9	16	26,1	86	1018		0	7	0,1	5	9	32	17	66	4,9
06/09/2023	8	2,3	9	25,6	78	1020		0	7	0,1	5	11	16	18	64	3,6
07/09/2023	9	1,8	52	25,5	76	1020		0	4	0,1	7	17	16	28	64	2,8
08/09/2023	9	1,4	128	25,4	75	1020		0	3	0,1	12	21	17	39	56	2,2
09/09/2023	7	1,6	86	25,1	75	1020		0		0,1	4	8	11	14	67	2,4
10/09/2023	8	1,6	17	25,3	76	1020		0		0,1	3	7	11	11	64	2,4
11/09/2023	10	1,9	136	25,5	76	1018		0	6	0,1	12	19	21	37	57	2,9
12/09/2023	11	1,7	330	24,9	79	1017		9,8	6	0,1	6	16	22	26	57	2,8
13/09/2023	8	1,8	11	24,7	75	1020		0	5	0,1	16	16	15	40	49	2,9
14/09/2023	7	2,3	34	25,2	77	1021		0,8	5	0,1	7	14	12	25	59	3,6
15/09/2023	7	1,7	10	23,4	86	1018		31,6	6	0,1	5	16	12	23	52	3,1
16/09/2023	9	1,3	26	24,5	81	1016		0	5	0,1	5	10	20	17	54	2,1
17/09/2023	16	1,8	283	24,5	82	1017		2	5	0,2	3	7	32	11	39	2,9
18/09/2023	6	2,2	238	24,9	53	1021		0	5	0,1	6	11	11	20	46	3,9
19/09/2023	8	1,8	308	22,7	74	1022		50,4	5	0,1	16	24	17	48	37	3,1
20/09/2023	5	1,9	211	23,6	60	1018		1,4	5	0,1	7	18	11	28	50	3,3
21/09/2023	5	2,7	228	24,8	50	1013		0	4	0,1	2	8	11	12	54	5,1
22/09/2023	3	2,2	254	23,6	50	1014	250	0	4	0,1	8	16	8	28	47	3,8
23/09/2023	4	2	198	22,1	57	1022	254	0	6	0,1	7	18	7	28	42	3,1
24/09/2023	4	1,9	184	22,6	69	1023	248	0	6	0,2	6	13	7	22	50	2,9
25/09/2023	6	1,3	72	22,7	75	1022	244	0	7	0,2	15	23	13	46	40	2,1
26/09/2023	6	1,7	211	23,1	75	1022	241	0	7	0,1	15	26	11	49	43	2,7
27/09/2023	7	1,9	303	23,7	76	1021	236	0	4	0,1	11	22	15	39	50	2,8
28/09/2023	8	1,5	141	23,5	77	1020	232	0	4	0,2	20	26	18	56	44	2,3
29/09/2023	9	1,3	170	23,7	81	1025	220	0	5	0,1	12	29	16	47	59	2
30/09/2023	11	1,6	186	24,1	73	1027	235	0	5	0,2	9	36	19	50		2,3
01/10/2023	9	2,1	0	24,3	74	1025	234	0	8	0,2	8	20	16	32		3,2
02/10/2023	9	1,8	355	24,7	79	1026	223	0	8	0,2	8	18	15	30		2,7
03/10/2023	12	1,5	87	24,2	81	1026	208	0	8	0,3	15	22	22	45		2,3
04/10/2023	13	1,8	220	24,7	80	1028	209	0	8	0,2	12	29	25	47		2,6
05/10/2023	14	1,6	121	24,2	81	1027	211	0	4	0,2	16	27	24	51		2,4
06/10/2023	16	1,6	167	23,4	84	1027	185	0	4	0,1	27	30	27	71	45	2,3
07/10/2023	14	1,3	204	23,8	81	1027	194	0	8	0,1	4	15	21	21	56	2
08/10/2023	15	1,3	216	23,5	82	1027	191	0	8	0,2	4	18	23	24	45	2
09/10/2023	13	1,5	208	22,8	78	1027	211	0	3	0,2	5	17	21	24	53	2,3
10/10/2023	12	1,6	200	22,6	76	1026	205	0	3	0,1	13	28	22	48	46	2,5
11/10/2023	13	1,7	217	22,3	78	1025	203	0	5	0,2	10	24	21	39	52	2,5
12/10/2023	14	1,4	212	22,5	81	1024	199	0	5	0,2	4	13	20	18	64	2,1
13/10/2023	16	1,7	211	22,6	81	1022	196	0	8	0,2	12	26	29	46	49	2,7
14/10/2023	16	1,3	258	24	63	1021	116	0	8	0,2	3	21	31	25	42	2,4
15/10/2023	13	1,9	137	22,6	73	1020	176	0	7	0,2	6	16	23	24	54	2,9
16/10/2023	13	1,9	241	24,4	72	1015	135	0	7	0,1	9	24	26	38	51	3,2
17/10/2023	16	1,8	323	23,2	81	1013	134	0	6	0,2	15	30	29	53	54	2,6
18/10/2023	9	3	221	24,7	61	1011	148	0	5	0,1	2	8	22	11	53	5,6
19/10/2023	25	2,8	207	24,2	53	1002	109	0	9	0,2	5	17	37	24	63	5
20/10/2023	4	3,9	234	20	55	1003	159	0	7	0,1	2	3	17	6	75	7,9
21/10/2023	3	2,2	218	17,9	51	1014	152	0	6	0,1	2	9	7	11	60	4
22/10/2023	5	2,2	332	17,1	69	1016	102	0,2	6	0,2	6	18	11	27	52	3,7
23/10/2023	5	2,2	216	20,7	69	1014	135	4	8	0,2	6	18	14	26	56	4,1
24/10/2023	2	3	221	19,8	53	1019	179	0	7	0,1	3	6	7	9	64	5,7
25/10/2023	3	3	223	22	56	1018	119	0	7	0,2	3	7	10	10	59	5,7
26/10/2023	4	3,5	224	23,6	58	1014	104	0	7	0,1	3	4	11	6	51	6,8
27/10/2023	4	2,3	229	20,3	54	1016	120	0	6	0,1	3	9	10	12	61	4,4
28/10/2023	4	2,6	214	20,7	55	1017	168	0	6	0,1	2	4	8	6	64	4,8
29/10/2023	6	1,9	193	19,7	61	1014	157	0	9	0,2	6	22	11	30	50	3,2
30/10/2023	4	2,5	235	19,8	53	1013	135	0	8	0,1	4	14	16	19	54	5
31/10/2023	8	1,6	212	17,4	55	1023	83	0	4	0,1	17	30	26	55	33	2,7
01/11/2023	5	2,9	231	19,7	54	1021	112	0	4	0,2	2	10	11	12	55	5,5
02/11/2023	5	5,1	240	21,8	50	1010	121	0	5	0,2	2	2	30	4	73	11
03/11/2023	4	4,3	248	16,9	51	1013	141	0	5	0,1	2	3	13	5	66	9,4
04/11/2023	4	4,6	227	20	54	1009	114	0	3	0,2	2	2	10	3	75	9,4
05/11/2023	7	3,1	232	18,1	48	1016	147	0	4	0,1	2	3	15	5	72	6
06/11/2023	5	2,5	249	16,8	49	1023	155	0	6	0,1	3	8	13	12	59	4,4
07/11/2023	4	2	238	15,6	44	1029	153	0	5	0,2	4	11	11	17	56	3,8
08/11/2023	6	1,7	207	14,2	56	1030	92	0	8	0,2	8	23	15	34	40	2,7
09/11/2023	5	2,4	232	18,2	54	1023	145	0,2	8	0,1	6	14	12	22	55	4,5
10/11/2023	4	2,9	235	18,9	50	1023	142	0	4	0,1	3	6	11	9	61	5,5
11/11/2023	3	3,6	235	21,2	60	1021	125	0	5	0,1	2	2	8	3	56	7,2
12/11/2023	3	3	236	22	54	1024	107	0	6	0,1	2	6	6	7	58	5,7
13/11/2023	5	1,6	213	21	62	1027	138	0	7	0,2	17	24	13	50	30	2,8
14/11/2023	8	1,4	218	20,8	61	1027	128	0	6	0,1	31	30	19	78	24	2,5
15/11/2023	11	1,2	191	18,9	64	1029	122	0	6	0,2	27	40	24	81	19	2
16/11/2023	16	1	234	17	75	1028	128	0	7	0,3	42	47	28	111	14	1,7
17/11/2023	15	1,3	272	18	76	1030	129	0	6	0,2	35	47	30	100	11	2,1
18/11/2023	17	1,2	231	16,3	84	1032	126	0	8	0,2	9	31	22	46	27	1,9
19/11/2023	19	1	345	14,5	88	1029	129	0	8	0,2	9	23	23	37	33	1,6
20/11/2023	29	1,1	215	14,2	93	1025	117	0	5	0,3	21	41	39	73	27	1,8
21/11/2023	11	2,9	279	16,2	53	1023	127	0	4	0,1	6	16	20	26	44	4,9
22/11/2023	5	1,9	268	16,1	45	1024	128	0	6	0,2	16	27	16	51	44	3,2
23/11/2023	12	1,4	213	13,5	48	1029	127	0	6	0,2	31	47	30	94	24	2,4
24/11/2023	14	1,5	213	14,7	39	1021	122	0	4	0,2	6	32	26	41	28	2,5
25/11/2023	16	1,2	243	13,5	65	1021	121	0	6	0,3	14	28	32	48	29	1,9
26/11/2023	14	1,3	231	13,4	79	1024	110	0	6	0,3	7	23	27	33	30	2
27/11/2023	17	2	233	16,6	57	1019	113	0	6	0,2	21	22	41	55	37	3,9
28/11/2023	9	3,3	247	16,5	60	1018	59	0	3	0,1	3	7	22	10	45	6,7
29/11/2023	5	2,1	217	18,6	64	1015	99	0	4	0,2	7	15	12	26	41	3,9
30/11/2023	3	2,7	219	21	58	1010	78	0	6	0,2	11	13	14	29	52	5,1
01/12/2023	5	3,1	228	17,5	53	1008	68	0	6	0,2	4	8	24	13	62	6,1
02/12/2023	4	2,6	239	13,9	50	1023	116	0	2	0,2	3	10	8	14	51	4,9
03/12/2023	7	1,6	208	11,5	60	1030	115	0	3	0,2	7	18	11	29	33	2,6
04/12/2023	5	2,5	218	12,3	63	1025	61	0,6	3	0,1	3	12	8	17	47	4,3
05/12/2023	7	1,7	202	12,8	61	1025	103	0	5	0,2	15	32	23	55	32	2,6
06/12/2023	10	1,5	222	12,6	77	1024	109	0,4	7	0,2	7	25	13	36	36	2,4
07/12/2023	11	1,8	220	14	70	1025	102	1	6	0,2	17	16	15	43	36	3,3
08/12/2023	2	2,8	261	16,7	51	1023	102	0	6	0,1	2	5	4	7	68	5,3
09/12/2023	4	2,6	227	15,1	57	1029	96	0	6	0,2	2	5	7	8	54	4,7
10/12/2023	2	2,1	212	18,7	64	1028	103	0	9	0,1	2	3	4	5	46	3,5
11/12/2023	5	1,8	238	18,3	58	1025	104	0	12	0,1	10	17	10	31	38	3,2
12/12/2023	6	2,2	225	20,8	44	1022	81	0	4	0,1	4	10	17	16	49	4,1
13/12/2023	4	2,5	250	17,4	49	1021	27	0	3	0,1	3	11	14	15	54	4,6
14/12/2023	3	3	275	14,5	40	1030	109	0	7	0,1	2	8	12	11	55	5,1
15/12/2023	11	1,4	212	12,8	57	1039	108	0	4	0,2	25	42	22	81		2,2
16/12/2023	8	1	289	11,7	66	1043	107	0	1	0,2	9	29	15	43		1,7
17/12/2023	10	1,1	286	10,8	73	1044	105	0	1	0,2	6	26	15	34		1,9
18/12/2023	16	1,2	255	9,5	69	1043	107	0	1	0,2	33	42	29	93		1,9
19/12/2023	19	1,4	204	10,2	56	1037	108	0	1	0,3	28	47	36	90	6	2,2
20/12/2023	9	1,7	248	13	48	1030	46	0	1	0,2	7	31	20	41	25	3
21/12/2023	8	1,8	212	12,9	53	1032	106	0	1	0,2	12	36	18	54	23	2,8
22/12/2023	9	1,6	209	14	56	1030	106	0	6	0,2	19	40	20	69	19	2,5
23/12/2023	9	1,1	219	11,8	66	1033	106	0	5	0,2	10	37	15	52	23	1,8
24/12/2023	18	1	225	10	73	1033	106	0	1	0,3	10	31	24	46	23	1,6
25/12/2023	19	0,9	224	9,2	71	1031	108	0	1	0,3	16	32	25	56	19	1,5
26/12/2023	21	1	221	9,4	67	1031	108	0	2	0,3	42	48	33	112	8	1,5
27/12/2023	21	1,3	204	9,2	71	1033	108	0	1	0,2	25	49	31	87	11	2
28/12/2023	29	0,7	260	8,8	71	1034	76	0	3	0,4	42	50	43	114	12	1,3
29/12/2023	47	0,6	258	10,3	75	1030	35	0	3	0,4	32	51	60	100	4	1,3
30/12/2023	41	1	210	10,8	67	1028	102	0	3	0,3	27	50	54	91	12	1,5
31/12/2023	16	2,6	226	13,1	59	1025	35	0	1	0,2	3	17	23	21	49	4,8
