Red: Red de Vigilancia y Control de la Contaminación AtmosféricaEstación: 46250302-València Port llit antic Túria
	
FECHA	PM2.5	Veloc.	Direc.	Temp.	H.Rel.	Pres.	R.Sol.	Precip.	SO2	CO	NO	NO2	PM10	NOx	O3	Veloc.máx.
	µg/m³	m/s	grados	°C	% H.R.	mb	W/m²	l/m²	µg/m³	mg/m³	µg/m³	µg/m³	µg/m³	µg/m³	µg/m³	m/s
01/01/2024	8	1,5	221	12,2	63	1027	84	0	4	0,2	6	24	12	32	36	2,4
02/01/2024	7	2,5	215	14,1	56	1026	67	0	3	0,2	3	16	15	19	50	4,4
03/01/2024	5	2,9	223	18,2	59	1023	92	0	2	0,2	3	12	12	16	54	5,4
04/01/2024	10	1,5	178	15,1	79	1021	73	1	3	0,2	13	30	17	50	20	2,3
05/01/2024	3	2,7	252	14	59	1014	91	0	2	0,1	3	14	6	18	54	5,1
06/01/2024	2	3,3	274	12,4	42	1022	112	0	1	0,2	2	8	6	11	64	6,2
07/01/2024	1	3,3	279	11,8	39	1027	114	0	1	0,1	2	8	4	11	66	6,3
08/01/2024	5	1,9	265	11,4	34	1027	117	0	2	0,2	10	22	12	38	48	3,8
09/01/2024	7	1,1	317	11	55	1028	87	0	7	0,2	15	32	15	55	31	1,8
10/01/2024	12	1,5	220	11,7	67	1026	61	0	5	0,3	12	27	20	45	30	2,7
11/01/2024	7	1,7	55	11	64	1029	91	0	3	0,2	12	26	13	44	29	2,8
12/01/2024	13	1,4	236	9	65	1035	116	0	1	0,2	12	30	23	48	26	2,2
13/01/2024	23	0,9	201	9,2	77	1032	91	0	1	0,2	20	35	31	65	16	1,5
14/01/2024	11	2,3	214	17,8	44	1021	58	0	1	0,2	3	16	25	20	48	4,2
15/01/2024	7	3,1	232	18,5	63	1016	32	0	4	0,2	2	11	19	15	53	6
16/01/2024	8	3,1	227	20,4	55	1012	45	0	5	0,1	3	13	24	17	54	5,8
17/01/2024	7	3,2	219	18,1	58	1008	99	0	3	0,1	5	16	24	23	65	6,5
18/01/2024	4	3	223	19,1	56	1010	73	0	3	0,1	1	11	8	13	74	6
19/01/2024	4	3,6	344	12,8	85	1015	14	9	2	0,2	5	18	8	26	52	6,2
20/01/2024	5	2,1	31	11,2	71	1030	60	0	2	0,1	3	15	9	19	63	3,4
21/01/2024	12	1,6	217	12	75	1037	129	0	2	0,2	5	25	16	32	46	2,3
22/01/2024	13	1,1	206	11,3	80	1036	128	0	3	0,2	15	32	17	54	25	1,9
23/01/2024	17	1,2	198	14,1	76	1036	128	0	3	0,2	30	45	27	91	8	1,8
24/01/2024	20	1,2	218	14,3	82	1022	120	0	1	0,2	36	47	35	103	8	1,9
25/01/2024	37	0,7	225	13,1	83	1013	136	0	2	0,3	60	53	56	145	7	1,2
26/01/2024	32	0,4	299	14,5	68	1026	137	0	2	0,2	66	63	53	165	7	0,8
27/01/2024								0								
29/01/2024								0								
30/01/2024	22	0,7	15	13,8	79	1035	34	0	1	0,2	23	43	40	78	19	1,2
31/01/2024	23	1	9	12,6	86	1037	51	0	12	0,2	26	49	43	89	22	1,6
01/02/2024	28	1,1	205	11,3	81	1035	146	0	6	0,2	25	49	49	87	14	1,8
02/02/2024	26	0,8	223	11,6	82	1034	139	0	8	0,2	35	47	55	101	18	1,3
03/02/2024	23	1,2	211	11,2	80	1033	147	0	5	0,2	16	40	36	64		1,8
04/02/2024	20	1	210	11,6	77	1031	155	0	7	0,2	8	34	28	47		1,6
05/02/2024	25	1	211	11,5	76	1028	150	0	9	0,2	38	52	44	110		1,6
06/02/2024	33	0,7	238	12,3	71	1023	104	0	10	0,3	49	57	58	132		1,2
07/02/2024	18	3	242	15,6	57	1020	156	0	7	0,1	2	22	41	26		5,6
08/02/2024	14	2,7	229	17,3	55	1011	121	0		0,1	5	22	38	29		5
09/02/2024	11	1,5	185	15	73	994	65	5,4		0,1	17	32	27	58		2,5
10/02/2024	1	4,1	257	14,8	49	994	150	0	1	0,1	2	12	4	15	83	7,6
11/02/2024	3	3,2	245	12,2	50	1008	80	0	1	0,1	1	10	5	12	73	5,9
12/02/2024	3	2,8	241	16,9	55	1010	168	0	6	0,1	2	16	8	19	58	5,1
13/02/2024	8	1,9	269	18,1	62	1020	170	0	5	0,2	8	26	16	38		3,4
14/02/2024	18	0,5	127	14,8	77	1022	93	0	2	0,3	37	45	34	102	5	0,9
15/02/2024	18	0,8	295	13,4	88	1016	120	0,2	2	0,3	34	33	31	85	20	1,4
16/02/2024	15	1,1	155	13,7	94	1017	82	2,6	2	0,2	12	36	19	53	22	1,9
17/02/2024	7	1,1	205	14,2	63	1026	163	0	2	0,2	8	28	14	40	33	1,8
18/02/2024	10	1,5	203	13,2	75	1030	172	0	2	0,2	5	26	16	35	29	2,3
19/02/2024	14	0,8	182	14,6	70	1027	163	0	6	0,3	24	37	27	74	18	1,3
20/02/2024	9	1,3	274	13,6	70	1024	182	0	1	0,2	12	30	19	48	27	2,1
21/02/2024	19	1,5	211	12,4	80	1020	166	0	2	0,2	14	39	31	60	28	2,3
22/02/2024	16	2,8	239	18,1	55	1008	110	0	1	0,2	4	23	33	29	45	5,3
23/02/2024	2	3,5	255	15	40	1005	193	0,2	1	0,2	1	11	7	13	70	6,7
24/02/2024	2	3	262	13,4	41	1007	165	0	3	0,1	3	12	5	17	65	5,5
25/02/2024	4	3,7	233	15,6	55	1006	57	0	4	0,1	1	8	10	10	59	7,2
26/02/2024	3	3,1	265	16,4	48	998	107	0	5	0,1	3	14	9	19	60	5,7
27/02/2024	2	4,4	302	14,3	39	1006	108	0	4	0,1	7	14	8	25	61	7,4
28/02/2024	7	1,9	218	13,3	43	1012	191	0	2	0,2	14	38	22	60	41	3
29/02/2024	6	2,6	216	13,5	54	1009	210	0	2	0,2	13	31	21	52	43	4,1
01/03/2024	3	3,2	262	15	32	1010	216	0	1	0,2	1	11	10	13	72	5,8
02/03/2024	5	3,8	227	14,2	49	1002	147	0	2	0,1	1	8	14	10	71	7,2
03/03/2024	2	4,8	266	12	43	1003	223	0	1	0,1	1	7	4	9	76	8,8
04/03/2024	3	2,7	241	14,4	56	1011	96	0	1	0,2	2	13	9	16	54	4,8
05/03/2024	7	2,4	224	14,2	61	1017	223	0	1	0,2	9	28	18	42	48	3,8
06/03/2024	9	1,6	327	13	68	1016	224	0	2	0,2	14	33	19	56	47	2,5
07/03/2024	10	2,1	18	13,8	81	1008	190	0,2	4	0,2	9	26	18	40	57	3,4
08/03/2024	3	3,1	238	13,9	52	1006	138	0	2	0,2	1	11	7	13	68	5,7
09/03/2024	3	2,5	232	11,4	65	999	52	2,8	2	0,2	2	15	6	18	57	4,6
10/03/2024	2	3,2	237	14	55	1003	156	0	2	0,2	1	8	3	10	72	6
11/03/2024	3	2,7	270	16,3	41	1016	237	0	1	0,1	2	15	7	17	61	4,7
12/03/2024	7	2,1	191	14,1	59	1023	242	0	2	0,3	23	39	17	75	37	3
13/03/2024	11	1,4	170	13	74	1020	236	0	2	0,3	26	41	23	81	37	2
14/03/2024	13	1,3	77	13,4	83	1019	224	0	2	0,3	17	40	22	67	36	2
15/03/2024	14	1,9	170	17,5	66	1021	240	0	5	0,2	20	46	29	77	32	3,1
16/03/2024	13	1,3	123	17,4	70	1025	231	0	5	0,1	9	30	20	45	48	2,1
17/03/2024	16	1,8	45	15,2	88	1022	228	0	4	0,2	7	27	21	38	47	2,7
18/03/2024	29	1,4	77	14,2	99	1019	178	0	4	0,2	11	26	35	44	58	2,3
19/03/2024	22	1,4	91	14,1	99	1018	133	0	2	0,1	2	16	26	20	67	2,4
20/03/2024	15	1,9	11	15,6	92	1019	137	0	2	0,1	11	29	20	46	63	3,2
21/03/2024	12	2,5	21	15,2	97	1024	129	0	3	0,2	10	24	21	39	55	4,3
22/03/2024	21	1	247	16,5	81	1022	246	0	6	0,2	20	44	34	75	27	1,7
23/03/2024	19	1	12	16,5	73	1020	181	0	3	0,2	5	31	36	39	40	1,7
24/03/2024	15	1,6	33	15	91	1016	145	0,8	1	0,2	3	21	28	25	50	2,7
25/03/2024	8	2	94	14,2	100	1002	55	13,4	3	0,1	22	39	16	73	39	3,2
26/03/2024	4	3,3	239	13,9	59	994	174	0	1	0,1	1	12	8	14	63	6,1
27/03/2024	2	3,8	235	16,1	55	999	148	0	1	0,2	1	9	8	12	67	7,4
28/03/2024	5	3,2	232	18,3	63	1003	161	0	2	0,1	5	24	11	31	56	6
29/03/2024	5	2,5	196	17	69	1000	197	1	1	0,1	3	16	10	20	54	4,3
30/03/2024	3	1,8	207	13,5	73	998	206	0	1	0,1	3	18	6	24	57	2,8
31/03/2024	2	2,2	241	13,5	71	1001	80	2,2	1	0,1	1	10	3	12	70	4
01/04/2024	1	3,3	245	15,6	52	1014	248	0	1	0,1	1	7	3	9	78	6,2
02/04/2024	6	2,1	218	15,3	68	1021	233	0	3	0,1	12	29	19	48	49	3,2
03/04/2024	8	2,1	226	18,9	60	1020	292	0	3	0,1	8	30	18	42	46	3,5
04/04/2024	11	2,2	54	17,2	75	1021	286	0	2	0,2	24	46	23	83	37	3,3
05/04/2024	15	1,5	38	16,4	91	1021	260	0	2	0,2	19	42	24	72	44	2,3
06/04/2024	15	1,7	10	15,9	95	1020	180	0	2	0,1	3	18	23	22	78	2,7
07/04/2024	20	1,4	12	17,4	92	1017	127	0	2	0,1	4	22	35	28	69	2,4
08/04/2024	13	2,3	208	20,7	68	1012	214	0	3	0,1	9	23	27	36	60	4,3
09/04/2024	3	2,9	295	17,7	41	1025	308	0	4	0,1	8	24	9	36	65	4,8
10/04/2024	7	2,3	36	16,3	61	1029	287	0	5	0,1	13	35	21	54	57	3,6
11/04/2024	8	1,6	48	16,4	79	1031	304	0	8	0,2	11	34	19	51	58	2,4
12/04/2024	10	1,3	183	17,7	56	1032	300	0	5	0,2	16	51	27	75	29	1,9
13/04/2024	12	1,4	167	18,2	57	1029	305	0	5	0,2	9	44	26	57	44	2
14/04/2024	11	1,7	172	19,2	55	1026	314	0	1	0,1	3	23	25	28	68	2,6
15/04/2024	16	1,4	71	19	64	1020	263	0	1	0,1	19	47	34	76	45	2,2
16/04/2024	14	1,7	101	17,9	73	1017	307	0	2	0,1	16	35	31	60	46	2,6
17/04/2024	8	2,2	102	17	72	1017	310	0	3	0,1	11	30	20	47	54	3,3
18/04/2024	7	2,1	66	16,5	75	1018	307	0	3	0,1	11	29	16	46	58	3,1
19/04/2024	8	3,4	128	16,9	73	1023	293	0	4	0,1	19	34	19	63	58	5
20/04/2024	8	1,9	99	16,3	69	1018	321	0	2	0,1	6	21	17	30	71	2,7
21/04/2024	7	2,3	58	16,4	74	1017	317	0	1	0,1	3	18	14	23	73	3,5
22/04/2024	8	3,1	58	15,3	79	1017	240	0	1	0,1	9	24	22	38	65	5,2
23/04/2024	4	2,8	340	14,5	41	1018	312	0	1	0,1	9	26	12	39	70	4,5
24/04/2024	5	3	306	14,3	47	1017	330	1	1	0,1	10	26	16	41	73	4,7
25/04/2024	7	2,2	19	14,7	65	1010	265	0,2	2	0,2	12	30	19	47	59	3,6
26/04/2024	13	2,3	37	16,3	84	1006	294	0	3	0,2	11	30	23	46	65	3,7
27/04/2024	10	2,1	225	17,6	75	1003	240	0	3	0,1	3	17	18	21	73	3,3
28/04/2024	4	2,1	170	16,8	65	1011	146	0	4	0,1	3	16	9	20	68	3,3
29/04/2024	7	1,3	141	14,9	92	1015	70	9,2	3	0,1	8	30	12	42	61	2,1
30/04/2024	6	2	224	17,7	64	1012	265	0	1	0,1	6	23	13	32	51	3,4
01/05/2024	2	3,7	251	17,6	43	1009	245	0	1	0,1	1	8	6	10	80	7
02/05/2024	2	2,9	253	17,5	37	1015	340	0	2	0,1	3	14	7	19	72	5,3
03/05/2024	6	2,7	210	17,6	51	1018	301	0	4	0,1	7	25	18	35	65	4,5
04/05/2024	7	2,5	203	20,1	62	1016	316	0	2	0,2	5	22	15	29	70	4
05/05/2024	12	1,7	103	20,1	71	1013	293	0	3	0,2	4	24	21	30	73	2,7
06/05/2024	5	2,6	265	21,7	62	1012	227	0	1	0,1	4	18	14	25	58	4,6
07/05/2024	7	2,4	80	18,4	73	1019	316	0	2	0,1	11	32	16	49	51	3,6
08/05/2024	9	2	112	18,4	62	1021	327	0	3	0,1	14	35	33	56	52	3
09/05/2024	9	2,6	96	19,1	67	1019	317	0	2	0,2	13	35	28	55	55	3,9
10/05/2024	8	1,8	52	19,7	67	1019	318	0	5	0,2	13	32	15	52	63	2,8
11/05/2024	7	1,5	93	19,1	70	1018	291	0	3	0,2	6	24	13	33	72	2,3
12/05/2024	8	1,6	43	19,6	85	1016	301	0	2	0,1	2	13	11	16	86	2,5
13/05/2024	7	1,8	39	20,4	79	1012	271	0	2	0,1	8	26	11	39	73	2,8
14/05/2024	10	2	96	20	82	1005	289	0	4	0,1	12	29	18	47	53	3,3
15/05/2024	6	2,3	57	18,6	78	1007	317	0	3	0,1	8	22	15	33	55	3,6
16/05/2024	6	2,6	247	21	49	1008	315	0	3	0,1	2	14	20	17	70	4,8
17/05/2024	8	3	143	20,5	60	1008	286	0	4	0,2	15	35	28	58	50	4,6
18/05/2024	9	2,6	45	19,6	88	1011	303	0	4	0,1	2	12	18	16	80	4,1
19/05/2024	8	2,4	58	19,6	90	1010	275	0	4	0,2	2	13	14	16	76	3,8
20/05/2024	7	2,5	43	20	83	1010	275	1,6	3	0,1	12	23	15	42	62	4
21/05/2024	8	2,3	273	20,5	75	1013	288	0	3	0,1	9	22	19	37	57	3,9
22/05/2024	6	2,6	37	20	68	1016	332	0	2	0,1	8	26	14	38	69	4
23/05/2024	7	2,4	35	20	79	1017	267	0	4	0,1	8	25	15	38	68	4
24/05/2024	9	2,4	35	20,1	89	1017	326	0	5	0,2	7	18	16	28	67	4
25/05/2024	8	2,4	38	20,3	89	1018	316	0	4	0,1	3	13	14	18	70	3,7
26/05/2024	11	1,8	65	21,1	88	1017	303	0	1	0,1	3	13	18	18	66	2,8
27/05/2024	12	2,2	30	21,6	93	1018	259	0	1	0,1	11	19	25	36	66	3,7
28/05/2024	9	2,3	76	21,4	81	1020	322	0	1	0,1	8	21	20	34	58	3,7
29/05/2024	12	2,3	101	22	81	1016	323	0	1	0,1	11	27	28	45	47	3,6
30/05/2024	10	1,7	41	23	80	1011	320	0	2	0,1	10	29	22	45	57	2,6
31/05/2024	8	2,5	84	20,6	78	1014	137	3,2	1	0,1	13	28	20	48	59	4,1
01/06/2024	8	2,5	118	21,4	77	1017	285	0	3	0,1	5	16	17	24	76	3,7
02/06/2024	7	2,4	135	21,5	76	1018	332	0	3	0,1	4	15	15	20	70	3,6
03/06/2024	7	2,7	72	21,8	79	1017	324	0	3	0,1	14	26	16	47	60	4,1
04/06/2024	8	2,4	86	22,2	79	1015	284	0	3	0,1	16	28	19	52	50	3,5
05/06/2024	9	2,6	47	22,2	88	1016	319	0	3	0,1	8	23	20	35	55	4,1
06/06/2024	9	1,6	20	23,2	85	1018	280	0	4	0,1	9	25	19	38	60	2,6
07/06/2024	9	1,8	13	24,1	77	1016	272	0	1	0,1	9	25	19	39	60	3,1
08/06/2024	10	2,5	116	23,5	80	1009	288	0,8	1	0,1	3	15	20	19	74	4,3
09/06/2024	6	2,5	281	24,6	66	1007	268	0,2	1	0,1	3	13	10	18	75	4,4
10/06/2024	7	2	61	22,4	79	1012	265	4,6	1	0,1	8	20	16	33	53	3,2
11/06/2024	8	1,5	355	19,5	92	1015	114	9	1	0,1	7	23	15	34	39	2,6
12/06/2024	7	1,6	334	19,3	87	1019	111	13,2	2	0,1	7	21	13	32	42	2,7
13/06/2024	8	2,1	52	20,9	86	1020	340	0	2	0,1	10	29	15	45	42	3,2
14/06/2024	13	2,3	150	23,6	82	1015	336	0	2	0,1	11	34	23	51	49	3,6
15/06/2024	10	2,1	41	23,2	83	1013	286	0	1	0,1	3	15	17	19	67	3,6
16/06/2024	7	2,3	57	22,9	87	1015	325	0	1	0,1	2	9	12	12	67	3,7
17/06/2024	10	2,1	68	23,5	92	1014	300	0	3	0,1	7	18	16	28	58	3,2
18/06/2024	15	2,1	37	24	91	1013	311	0	4	0,1	8	21	26	34	57	3,2
19/06/2024	13	2,3	108	25,1	77	1012	287	0	4	0,1	15	32	28	55	39	3,7
20/06/2024	7	2,9	276	26,3	56	1015	329	0	3	0,2	2	13	16	17	69	5,2
21/06/2024	6	2,3	104	23,8	75	1022	346	0	4	0,1	9	24	11	38	65	3,5
22/06/2024	6	2,7	122	24,4	73	1020	329	0	4	0,1	6	20	13	29	70	4,1
23/06/2024	5	2,7	104	24,5	73	1018	338	0	3	0,1	4	15	9	21	61	4,2
24/06/2024	6	2,5	97	23,5	89	1016	256	6,4	4	0,1	8	22	11	35	47	3,8
25/06/2024	6	2,9	78	24,2	83	1014	337	0	6	0,1	8	17	11	30	57	4,4
26/06/2024	5	2	72	24,5	86	1014	282	0	6	0,1	7	17	9	28	67	3,2
27/06/2024	7	2,4	23	24,7	88	1015	284	0	3	0,1	6	18	13	28	64	4,1
28/06/2024	9	2,3	46	24,9	93	1015	245	0	3	0,1	6	21	17	30	60	3,7
29/06/2024	6	3,3	247	27,1	56	1014	335	0	1	0,1	2	9	13	13	76	6,2
30/06/2024	9	2,1	63	26,1	80	1016	333	0	2	0,1	1	10	15	12	69	3,3
01/07/2024	6	2,3	79	24	85	1019	255	14,4	2	0,1	10	27	11	42	67	3,8
02/07/2024	5	2	137	24,4	80	1019	343	0	3	0,1	10	25	10	41	49	3
03/07/2024	9	2,2	115	25,4	82	1016	337	0	4	0,1	16	36	16	61	47	3,3
04/07/2024	7	1,8	37	25,3	82	1017	328	0	4	0,1	6	22	12	32	56	3
05/07/2024	7	1,9	58	25,4	87	1016	328	0	2	0,1	7	19	12	30	57	2,9
06/07/2024	6	2,5	46	25,6	84	1012	318	0	1	0,1	4	12	11	18	63	4,3
07/07/2024	7	2,4	50	24,8	86	1016	254	0,6	2	0,1	2	11	12	15	57	3,8
08/07/2024	8	2,4	97	25,6	88	1017	325	0,2	1	0,1	11	21	12	38	49	3,5
09/07/2024	8	2	71	25,7	86	1017	280	0	2	0,2	11	22	14	39	45	2,9
10/07/2024	11	2	77	26,5	87	1017	328	0	1	0,2	6	20	19	30	54	3,1
11/07/2024	12	2,1	28	26,7	90	1017	319	0	5	0,1	9	19	20	33	45	3,3
12/07/2024	12	1,9	50	27	86	1014	315	0	5	0,1	8	18	24	31	43	3,1
13/07/2024	10	2,6	89	26,3	87	1014	236	2,2	4	0,1	4	15	20	22	53	4
14/07/2024	11	2,4	100	27,2	86	1013	320	0	5	0,1	4	11	21	18	52	3,5
15/07/2024	16	2,1	86	30,1	89	1013	333	0	2	0,1	9	24	28	39	43	3,2
16/07/2024	13	2,3	41	30,3	91	1018	306	0	1	0,1	4	13	25	19	54	3,8
17/07/2024	10	2,3	54	30,3	84	1020	282	0	4	0,1	6	16	22	26	58	3,9
18/07/2024	10	1,6	101	30,4	82	1021	289	0	5	0,1	8	21	30	32	54	2,7
19/07/2024	10	1,8	86	31,7	79	1019	311	0	4	0,1	9	26	23	40	53	2,9
20/07/2024	12	1,9	27	31,5	76	1012	318	0	4	0,2	5	23	30	31	54	2,9
21/07/2024	10	2,2	98	31	77	1015	319	0	4	0,1	3	16	27	21	51	3,5
22/07/2024	9	2,2	43	30	74	1023	313	0	5	0,1	8	20	28	32	54	3,2
23/07/2024	11	2,2	117	31	75	1024	327	0	6	0,1	10	29	32	44	44	3,2
24/07/2024	9	2,4	27	31,1	82	1021	314	0	5	0,1	7	22	25	33	48	3,8
25/07/2024	8	2,5	18	30,6	86	1016	251	0	6	0,1	7	19	22	30	56	4
26/07/2024	7	2,2	81	30,8	85	1016	313	0	6	0,1	7	19	18	30	56	3,4
27/07/2024	7	1,6	68	30,8	81	1018	314	0	5	0,1	4	17	18	23	59	2,5
28/07/2024	11	2,3	3	30,6	86	1022	289	0	5	0,1	1	9	24	11	61	3,9
29/07/2024	14	1,4	48	31,3	85	1022	285	0	5	0,1	7	22	33	33	45	2,3
30/07/2024	14	1,3	108	32,6	64	1021	256	0	6	0,1	10	32	42	47	48	2,1
31/07/2024	16	1,5	117	32,1	70	1019	308	0	3	0,2	13	37	50	56	47	2,4
01/08/2024	14	1,7	55	31,8	90	1017	295	0	2	0,1	6	20	29	29	54	2,7
02/08/2024	19	2	11	31,9	84	1016	296	0	4	0,1	4	18	49	24	64	3,3
03/08/2024	17	2,2	78	31,6	79	1019	299	0	4	0,1	4	20	38	26	57	3,4
04/08/2024	14	2,4	28	31,7	87	1019	286	0	5	0,1	2	11	29	14	64	3,7
05/08/2024	12	2,3	50	31,7	85	1017	283	0	5	0,1	8	25	25	37	52	3,6
06/08/2024	10	2,3	29	31,9	87	1017	293	0	3	0,2	5	17	16	24	63	3,8
07/08/2024	9	1,9	19	32	83	1019	281	0	3	0,1	4	16	14	23	54	3,1
08/08/2024	9	1,6	21	31,8	87	1021	286	0	3	0,1	5	17	15	24	53	2,6
09/08/2024	10	1,3	65	31,7	90	1023	279	0	3	0,1	6	21	16	31	47	2,1
10/08/2024	9	1,4	101	31,9	84	1023	295	0	3	0,1	4	24	15	30	51	2,1
11/08/2024	9	1,5	58	32	79	1020	292	0	3	0,1	2	15	14	18	68	2,4
12/08/2024	9	2	82	31,7	85	1017	283	0	2	0,1	7	23	17	34	53	3,2
13/08/2024	11	2,5	24	31,6	83	1014	250	0	1	0,1	6	19	20	27	55	3,8
14/08/2024	10	1,4	295	30,5	69	1017	169	0,4	3	0,1	4	22	19	28	56	2,2
15/08/2024	4	1,9	68	29,4	64	1021	299	0	3	0,1	2	13	7	17	57	3
16/08/2024	6	1,9	168	30,6	67	1022	291	0	6	0,1	6	27	11	36	54	2,8
17/08/2024	9	2,3	153	31,2	76	1019	288	0	6	0,1	5	23	16	30	59	3,4
18/08/2024	8	1,9	32	31,7	79	1016	282	0	5	0,1	2	14	14	17	60	3
19/08/2024	16	2,1	71	30,9	71	1017	284	0	5	0,1	6	21	22	29	51	3,2
20/08/2024	16	2,1	44	31	82	1017	264	0	4	0,1	6	22	22	32	51	3
21/08/2024	19	2,3	78	31,3	84	1020	249	0	4	0,1	9	26	29	40	53	3,4
22/08/2024	22	1,8	96	31	85	1017	213	0	5	0,2	6	23	30	32	58	2,8
23/08/2024	24	2,1	52	31,2	91	1018	234	0	4	0,2	5	22	31	30	63	3,3
24/08/2024	23	1,8	57	31,1	87	1018	256	0	3	0,2	2	16	29	20	70	2,8
25/08/2024	14	2,6	19	30,4	88	1020	192	0	3	0,1	1	9	25	11	63	4,4
26/08/2024	9	2,1	56	30,2	79	1021	244	0	5	0,1	6	20	19	29	57	3,3
27/08/2024	9	2,4	76	30,7	84	1018	258	0	5	0,1	8	24	20	36	51	3,6
28/08/2024	7	2,6	66	31	87	1018	218	0	2	0,2	7	20	15	30	57	4
29/08/2024	7	1,9	55	30,7	85	1019	219	0	2	0,1	6	21	16	30	61	3,1
30/08/2024	8	2	55	30,4	85	1019	155	0	3	0,1	6	20	16	29	60	3,5
31/08/2024	9	2,1	33	30,5	85	1018	230	0	2	0,1	2	13	16	16	64	3,3
01/09/2024	11	2,1	1	30,3	83	1016	215	0	4	0,1	2	11	18	14	68	3,3
02/09/2024	12	1,7	16	29,8	84	1016	108	0	5	0,1	7	26	22	36	56	2,7
03/09/2024	12	2,2	15	29,2	85	1016	141	0	2	0,1	6	22	25	31	59	3,9
04/09/2024	8	1,6	334	25,9	92	1017	100	12	2	0,1	6	28	17	37	51	2,7
05/09/2024	6	2,6	127	27	78	1015	174	0	5	0,2	10	29	12	44	40	4,2
06/09/2024	8	2	135	28,9	88	1009	252	0	4	0,1	11	31	18	47	43	3,1
07/09/2024	9	2,4	224	30,3	73	1012	214	0	2	0,1	5	20	24	28	53	3,9
08/09/2024	10	2,5	259	30,7	60	1014	221	0,6	2	0,1	1	13	31	15	58	4,4
09/09/2024	7	2,3	274	29	65	1019	257	0	3	0,2	9	30	22	44	52	3,6
10/09/2024	8	2	82	28	75	1020	244	0	3	0,2	9	28	17	41	56	3,1
11/09/2024	7	2	37	27,9	81	1019	193	0	5	0,2	8	22	15	34	56	3,2
12/09/2024	7	2,1	144	28,9	72	1017	233	0	5	0,2	13	30	17	50	44	3,4
13/09/2024	3	2,2	55	26	54	1024	196	0	5	0,1	9	22	9	35	50	3,5
14/09/2024	5	2,2	53	25,6	61	1026	241	0	7	0,1	10	25	12	40	51	3,4
15/09/2024	6	1,8	107	26	70	1022	245	0	6	0,2	3	15	13	19	65	2,8
16/09/2024	6	1,6	144	26,5	68	1019	237	0	7	0,2	10	30	16	46	52	2,5
17/09/2024	6	2,4	130	26,4	69	1016	233	0	8	0,2	15	32	17	56	47	3,6
18/09/2024	5	2,2	58	24,4	92	1018	103	57,8	7	0,2	10	28	12	42	56	3,7
19/09/2024	5	1,7	344	24	96	1018	106	12,6	4	0,1	9	26	10	40	48	2,7
20/09/2024	6	2	88	25,6	92	1019	215	0	4	0,1	9	31	12	45	47	3,1
21/09/2024	7	2,4	29	24,3	100	1018	54	30	5	0,1	6	22	15	31	61	4
22/09/2024	7	1,9	337	26,1	97	1017	204	0	5	0,1	2	15	14	19	57	2,9
23/09/2024	13	1,7	4	26,6	91	1017	208	0	4	0,1	6	22	21	32	47	2,8
24/09/2024	16	2	235	27,2	59	1016	152	0	4	0,1	2	17	30	21	56	3,5
25/09/2024	7	2,5	231	28,7	49	1017	188	0	4	0,2	1	13	19	16	54	4,5
26/09/2024	4	3,7	236	31,7	53	1013	220	0	5	0,1	1	9	19	11	46	7,2
27/09/2024	5	3	268	28,4	48	1017	191	0	4	0,1	2	11	16	14	60	5,6
28/09/2024	2	2	48	24	46	1025	223	0	4	0,1	6	20	6	30	55	3
29/09/2024	4	2,2	208	24,1	73	1026	213	0	7	0,1	6	23	11	33	46	3,3
30/09/2024	7	1,7	158	25,1	86	1023	214	0	7	0,1	11	30	20	46	38	2,6
01/10/2024	7	1,7	268	25,2	87	1018	180	0	6	0,1	10	29	21	44	40	2,5
02/10/2024	10	2,1	235	29	64	1011	168	0	6	0,1	8	27	34	39	35	3,8
03/10/2024	3	2,7	334	26,2	61	1013	213	0	5	0,1	8	21	10	33	52	4,4
04/10/2024	4	2,2	231	24	60	1016	208	0	5	0,1	10	30	14	45	48	3,3
05/10/2024	7	1,9	270	24,2	78	1016	192	0	5	0,2	4	21	17	28	59	3
06/10/2024	16	2	240	29,9	66	1013	193	0	5	0,2	2	14	43	17	33	3,7
07/10/2024	16	2,2	313	26,8	80	1009	121	3	9	0,2	17	29	46	56	28	3,7
08/10/2024	4	2,5	225	25,5	58	1013	129	0		0,1	1	17	14	20	50	4,6
09/10/2024	4	3,4	238	27,8	54	1009	135	0	4	0,1	1	8	13	11	61	6,7
10/10/2024	4	2,5	250	26	49	1014	188	0	4	0,1	1	13	10	15	57	4,5
11/10/2024	6	1,8	296	24,3	61	1018	169	0	4	0,2	10	30	17	45	45	2,8
12/10/2024	14	1,1	221	24,5	83	1017	138	0	4	0,2	2	26	22	29	45	1,7
13/10/2024	8	1,7	29	25,5	93	1021	162	0		0,1	2	17	14	21	52	2,7
14/10/2024	9	2,1	14	25,7	99	1019	121	0		0,1	8	22	18	34	46	3,4
15/10/2024	15	2,2	65	24,9	98	1014	121	9	4	0,1	8	29	43	42	42	3,7
16/10/2024	13	1,1	206	24,5	95	1014	121	0,2	3	0,1	11	39	30	56	23	1,8
17/10/2024	3	3,2	243	23,7	65	1017	170	0	1	0,1	1	15	11	17	49	6
18/10/2024	5	2	261	23,1	52	1022	177	0	1	0,1	6	26	14	34	45	3,5
19/10/2024	5	1,8	248	23,4	66	1022	153	0	2	0,1	4	22	12	28	40	3
20/10/2024	7	1,3	261	23,8	82	1025	144	0	4	0,2	3	19	13	23	41	2,1
21/10/2024	7	1,3	353	23,7	94	1027	140	0	5	0,1	9	25	14	38	44	2,2
22/10/2024	8	3	355	23	94	1028	140	27,4	4	0,1	5	20	16	28	54	5,2
23/10/2024	6	2,8	358	21,5	100	1029	52	9,2	5	0,1	10	26	15	42	41	4,5
24/10/2024	8	1,1	218	22,6	95	1026	151	0	6	0,2	17	31	18	57	26	1,7
25/10/2024	12	1,4	220	21,4	99	1020	87	3	6	0,2	14	28	22	51	24	2,1
26/10/2024	3	2,2	233	19,7	70	1016	160	11,8	5	0,1	1	7	7	10	49	3,9
27/10/2024	2	2	304	16,6	91	1020	55	16,6	5	0,1	2	10	5	12	45	3,3
28/10/2024	7	2,3	331	20,4	99	1023	129	6	6	0,2	15	24	15	46	35	3,7
29/10/2024	16	6	40	23,3	100	1018	30	5	5	0,1	4	9	31	15	59	11
30/10/2024	35	2,1	56	24	100	1018	113	0	5	0,2	4	13	107	19	47	3,7
31/10/2024	25	2,3	354	23,1	96	1023	125	0,2	5	0,1	7	15	76	26	38	3,8
01/11/2024	8	2,5	5	22,1	98	1023	121	0	5	0,1	2	9	20	12	55	4,1
02/11/2024	8	1,6	349	21,5	95	1023	126	0	3	0,1	4	11	20	17	44	2,7
03/11/2024	10	3	10	21,1	100	1025	37	12	4	0,1	3	10	21	15	50	5,1
04/11/2024	11	2,1	354	22	100	1024	100	0	4	0,1	8	21	26	32	38	3,4
05/11/2024	20	1,1	159	22,9	99	1025	123	0	4	0,1	15	27	44	50	22	1,7
06/11/2024	19	1,3	354	22,5	99	1027	119	0	4	0,1	15	26	40	48	24	2,2
07/11/2024	10	2,1	354	21,7	98	1026	131	0	4	0,1	11	20	21	36	41	3,5
08/11/2024	14	1,1	222	20,9	94	1025	101	0	5	0,1	17	34	40	60	18	1,6
09/11/2024	17	1,1	230	21,2	89	1025	113	0	5	0,2	10	25	42	41	18	1,7
10/11/2024	9	1,4	240	21,1	76	1026	128	0	6	0,2	7	22	23	32	26	2,2
11/11/2024	11	0,9	225	19,8	82	1026	127	0	6	0,2	22	37	45	71	13	1,4
12/11/2024	13	2,6	309	18,2	73	1021	99	0	8	0,2	19	29	57	58	23	4,3
13/11/2024	10	4,4	359	17,3	91	1019	18	6	8	0,1	7	16	31	27	47	7,5
14/11/2024	10	3,6	29	20,5	100	1022	78	0,8	5	0,2	7	14	21	24	54	6,2
15/11/2024	11	2,3	24	20	94	1025	72	0	5	0,2	14	27	29	48	39	3,6
16/11/2024	11	1,3	344	19,1	96	1024	46	0	5	0,2	4	22	29	28	40	2
17/11/2024	14	1,2	219	18,5	96	1022	110	0	5	0,2	6	22	33	30	19	1,8
18/11/2024	19	1,2	219	19,2	95	1021	103	0	2	0,3	25	29	55	68	9	1,9
19/11/2024	19	1,6	232	20,8	78	1019	110	0	1	0,1	14	22	67	43	20	2,8
20/11/2024	11	2,8	242	22	62	1018	112	0	3	0,1	2	11	40	13	41	5,3
21/11/2024	7	3,6	241	20,3	62	1015	31	0	3	0,1	2	9	36	12	43	6,9
22/11/2024	4	3,6	170	21	69	1019	91	0	5	0,1	15	23	17	46	40	6,2
23/11/2024	7	2	22	19,9	85	1028	78	0	6	0,1	5	18	18	26	43	3,2
24/11/2024	12	1,1	353	19,6	99	1027	76	0	6	0,2	4	19	28	25	33	2
25/11/2024	27	1	240	19,8	98	1022	47	0	6	0,2	23	35	97	70	17	1,8
26/11/2024	8	1,1	256	18,8	79	1025	81	0	6	0,2	19	35	27	64	21	1,8
27/11/2024	14	1,1	208	18,5	89	1027	103	0	5	0,2	25	40	37	79	15	1,7
28/11/2024	18	1,4	230	18,3	92	1029	104	0	4	0,2	10	33	41	49	21	2,3
29/11/2024	25	1,3	257	15,9		1028	98	0	5	0,2	25	36	57	75	12	2
30/11/2024	27	0,9	305	15,1		1030	88	0	6	0,3	11	30	40	47	17	1,4
01/12/2024	28	1,1	216	14,5		1028	86	0	5	0,2	6	24	48	33	18	1,7
02/12/2024	34	0,7	221	15,4		1025	94	0	8	0,3	42	36	75	101	6	1,3
03/12/2024	22	0,9	302	16,2	83	1023	84	0,8	8	0,2	33	37	55	88	12	1,5
04/12/2024	11	1,4	247	13,9	81	1025	69	2,4	6	0,2	12	30	26	47	18	2,3
05/12/2024	11	1,3	231	13,6	55	1029	100	0	5	0,2	27	41	36	83	15	2,1
06/12/2024	7	2	239	17,8	57	1027	105	0	6	0,1	5	21	18	29	25	3,4
07/12/2024	6	2,1	253	17,1	57	1023	83	0	6	0,1	3	16	15	20	30	3,8
08/12/2024	2	3	277	13	35	1022	95	0	5	0,1	1	7	7	9	60	5,4
09/12/2024	2	3,1	279	11,4	42	1018	83	0	5	0,1			9		47	5,2
10/12/2024	7	1,4	187	10,5	54	1020	100	1,4	6	0,1			24		23	2,3
11/12/2024	5	2,9	5	10,4	68	1022	47	2	6	0,2			11		33	4,8
12/12/2024	5	2	338	11,1	76	1022	32	0	5	0,1			12		31	3,3
13/12/2024	15	1,3	234	11,7	84	1025	95	0	5	0,2			31		17	2,1
14/12/2024	9	1,6	245	11,5	65	1031	116	0	3	0,2			19		27	2,7
15/12/2024	7								4	0,2			13		29	
16/12/2024	11							0	4	0,2			35		21	
17/12/2024	19							0	5	0,3			40		14	
18/12/2024	21	1,2	244	12,4	75	1026	80	0	7	0,2	57	48	52	134	12	2,1
19/12/2024	15	3,4	259	16,8	44	1020	45	0	5	0,1	6	12	56	21	49	6,1
20/12/2024	8	1,9	251	12	46	1024	99	0	5	0,2	22	35	19	68	37	3,3
21/12/2024	13	1,3	216	9,7	59	1028	96	0	5	0,2	12	30	26	49	27	2,1
22/12/2024	7	1,8	230	12,6	56	1023	92	0	6	0,1	7	17	16	28	31	3
23/12/2024	3	4,7	298	13,8	38	1021	89	0	6	0,1	7	11	12	21	62	8,1
24/12/2024	13	1,4	211	11,4	61	1023	96	0	5	0,2	15	33	24	55	26	2,4
25/12/2024	9	1,5	188	12,5	85	1026	90	0	5	0,2	9	22	15	36	29	2,3
26/12/2024	15	0,8	203	11,7	91	1027	81	0	4	0,3	40	42	32	102	10	1,3
27/12/2024	20	0,9	267	10,5	93	1029	31	0	4	0,3	44	49	30	115	9	1,6
28/12/2024	14	1,4	240	11,1	80	1028	89	0	3	0,2	10	27	20	42	28	2,2
29/12/2024	14	0,9	220	9,4	82	1027	96	0	4	0,2	23	34	21	70	16	1,4
30/12/2024	16	1,4	241	10,2	82	1028	95	0	6	0,2	37	47	26	103	18	2,1
31/12/2024	12	1,6	304	10,1	93	1028	23	32,6	5	0,2	9	20	17	34	35	2,6
