Red: Red de Vigilancia y Control de la Contaminación AtmosféricaEstación: 46250046-València - Politècnic
	
FECHA	PM2.5	SO2	NO	NO2	PM10	NOx	O3
	µg/m³	µg/m³	µg/m³	µg/m³	µg/m³	µg/m³	µg/m³
01/01/2024	2	3	1	11	4	13	36
02/01/2024	3	3	1	8	11	10	43
03/01/2024	3	3	1	5	10	7	48
04/01/2024	5	3	3	13	11	18	27
05/01/2024	2	3	1	6	5	8	51
06/01/2024	2	3	1	3	6	4	60
07/01/2024	2	3	1	3	3	5	63
08/01/2024	3	3	8	18	12	30	44
09/01/2024	5	3	13	19	22	39	30
10/01/2024	5	3	4	16	11	22	27
11/01/2024	4	3	4	11	9	17	30
12/01/2024	7	3	8	20	15	31	21
13/01/2024	11	3	16	23	16	47	14
14/01/2024	5	3	2	5	16	9	40
15/01/2024	3	3	1	5	10	6	42
16/01/2024	4	3	1	9	19	11	40
17/01/2024	4	3	3	9	27	13	53
18/01/2024	2	3	1	4	8	5	59
19/01/2024	2	5	1	4	4	6	49
20/01/2024	4	5	1	5	12	6	46
21/01/2024	6	5	2	7	9	9	37
22/01/2024	6	6	7	13	10	23	23
23/01/2024	7	6	10	19	12	35	13
24/01/2024	9	4	15	25	20	48	9
25/01/2024	17	4	37	31	28	87	10
26/01/2024	14	4	40	31	28	92	19
27/01/2024	18	3	29	25	24	70	13
28/01/2024	19	3	11	10	22	27	34
29/01/2024	11	3	1	7	15	8	37
30/01/2024	12	3	4	16	27	22	19
31/01/2024	11	3	5	17	15	24	24
01/02/2024	15	3	17	26	39	52	16
02/02/2024	12	3	23	24	20	60	20
03/02/2024	11	3	10	18	16	33	22
04/02/2024	9	3	4	13	13	18	32
05/02/2024	11	3	14	22	27	43	23
06/02/2024	14	3	20	35	32	66	8
07/02/2024	7	3	1	7	23	8	41
08/02/2024	6	3	2	10	19	13	44
09/02/2024	4	3	5	17	10	24	33
10/02/2024	2	3	1	3	3	4	69
11/02/2024	2	3	1	3	3	5	61
12/02/2024	2	3	1	6	5	8	54
13/02/2024	4	3	3	12	10	17	38
14/02/2024	8	3	18	24	13	51	13
15/02/2024	9	4	17	16	13	41	29
16/02/2024	9	3	3	14	10	18	33
17/02/2024	3	3	1	9	6	11	41
18/02/2024	5	3	4	10	7	16	32
19/02/2024	6	4	5	12	11	19	32
20/02/2024	4	3	2	10	9	12	42
21/02/2024	8	3	3	14	15	19	37
22/02/2024	8	3	3	10	27	14	41
23/02/2024	2	3	1	3	6	4	67
24/02/2024	2	3	1	3	4	4	68
25/02/2024	2	3	1	3	5	4	60
26/02/2024	2	3	1	5	6	6	60
27/02/2024	2	3	1	3	6	5	67
28/02/2024	3	3	2	14	15	17	53
29/02/2024	3	3	2	10	14	13	55
01/03/2024	2	3	1	3	7	5	72
02/03/2024	3	3	1	3	9	5	72
03/03/2024	2	3	1	3	3	5	79
04/03/2024	3	3	1	6	8	8	52
05/03/2024	3	3	2	9	9	12	53
06/03/2024	14	3	2	8	24	11	59
07/03/2024	20	3	1	4	28	6	71
08/03/2024	6	3	1	4	10	6	66
09/03/2024	7	3	1	5	10	7	60
10/03/2024	5	3	1	3	7	5	73
11/03/2024	6	3	1	6	12	8	59
12/03/2024	10	4	1	8	21	10	54
13/03/2024	20	4	4	12	31	19	47
14/03/2024	26	5	6	13	39	22	48
15/03/2024	24	4	2	11	44	13	50
16/03/2024	23	5	2	6	33	9	61
17/03/2024	42	5	2	11	53	14	49
18/03/2024	54	5	4	9	63	15	62
19/03/2024	38	5	1	6	43	8	68
20/03/2024	27	5	1	5	32	6	75
21/03/2024	20	5	1	5	28	7	65
22/03/2024	25	6	4	12	37	18	42
23/03/2024	21	6	2	12	34	15	42
24/03/2024	19	5	3	8	27	12	52
25/03/2024	12	5	1	8	17	10	59
26/03/2024	4	5	1	4	7	6	60
27/03/2024	3	4	1	4	7	6	66
28/03/2024	7	5	1	11	12	13	59
29/03/2024	6	4	1	4	10	6	59
30/03/2024	4	5	1	5	6	7	66
31/03/2024	2	5	1	3	3	5	73
01/04/2024	2	4	1	3	3	5	78
02/04/2024	6	5	1	5	12	7	62
03/04/2024	8	5	2	14	16	16	45
04/04/2024	11	5	3	11	18	15	60
05/04/2024	19	5	5	10	26	18	61
10/04/2024	8	3	1	9	18	10	73
11/04/2024	11	3	2	9	18	12	72
12/04/2024	9	3	3	17	25	20	45
13/04/2024	10	3	2	15	23	17	57
14/04/2024	10	3	1	8	23	9	70
15/04/2024	16	3	7	13	30	23	67
16/04/2024	15	3	10	14	26	28	54
17/04/2024	10	3	3	8	21	12	60
18/04/2024	9	3	4	9	17	14	61
19/04/2024	10	3	1	6	21	7	70
20/04/2024	9	3	1	7	16	8	70
21/04/2024	10	3	1	6	17	7	71
22/04/2024	11	3	1	6	18	7	73
23/04/2024	5	3	1	4	12	5	83
24/04/2024	6	3	1	5	18	6	84
25/04/2024	8	3	2	9	15	11	70
26/04/2024	14	3	2	6	20	9	80
27/04/2024	13	3	2	7	19	8	73
28/04/2024	5	3	1	4	9	5	74
29/04/2024	8	3	1	5	11	6	77
30/04/2024	6	3	2	5	11	7	55
01/05/2024	3	3	1	3	5	4	78
02/05/2024	3	3	1	4	5	4	73
03/05/2024	7	3	2	9	16	10	68
04/05/2024	9	3	1	5	16	7	76
05/05/2024	13	3	1	8	22	9	72
06/05/2024	7	3	1	5	12	5	61
07/05/2024	9	3	1	7	19	8	57
08/05/2024	6	3	2	10	14	12	62
09/05/2024	10	3	2	9	22	12	61
10/05/2024	9	3	2	8	15	10	67
11/05/2024	9	3	1	6	14	7	77
12/05/2024	11	3	1	3	14	3	84
13/05/2024	10	3	1	5	14	5	83
14/05/2024	13	3	1	7	20	8	67
15/05/2024	8	3	1	5	14	6	64
16/05/2024	7	3	1	4	18	4	69
17/05/2024	9	3	2	8	22	10	65
18/05/2024	13	3	1	3	20	3	83
19/05/2024	13	3	1	3	19	3	80
20/05/2024	9	3	1	4	14	4	74
21/05/2024	10	3	1	6	18	7	66
22/05/2024	7	3	1	4	12	4	84
23/05/2024	9	3	1	5	15	6	78
24/05/2024	13	3	1	5	18	6	70
25/05/2024	13	3	1	3	18	3	72
26/05/2024	16	3	1	3	22	3	71
27/05/2024	19	3	1	4	26	4	73
28/05/2024	13	3	1	3	21	4	70
29/05/2024	14	3	2	5	24	8	62
30/05/2024	13	3	1	6	20	7	72
31/05/2024	12	3	1	3	21	4	77
01/06/2024	12	3	1	3	20	4	84
02/06/2024	11	3	1	3	20	4	76
03/06/2024	11	3	1	4	20	5	71
04/06/2024	10	3	2	7	18	9	60
05/06/2024	13	3	3	7	21	11	66
06/06/2024	13	3	2	8	19	12	73
07/06/2024	10	3	3	11	19	15	70
08/06/2024	14	3	2	7	24	10	82
09/06/2024	6	3	2	6	10	9	81
10/06/2024	9	3	2	6	15	9	59
11/06/2024	12	3	3	10	15	14	45
12/06/2024	10	3	3	11	13	15	41
13/06/2024	12	6	5	11	17	19	50
14/06/2024	17	4	4	13	28	19	61
15/06/2024	15	3	3	9	25	13	71
16/06/2024	13	3	2	6	20	9	69
17/06/2024	17	3	2	7	23	11	64
18/06/2024	22	3	2	7	29	10	65
19/06/2024	16	3	4	11	26	16	56
20/06/2024	9	3	2	9	17	12	68
21/06/2024	8	3	3	10	15	14	76
22/06/2024	7	3	2	10	15	13	79
23/06/2024	8	3	2	7	16	10	65
24/06/2024	10	3	2	8	18	11	60
25/06/2024	12	3	2	7	22	10	66
26/06/2024	8	3	2	8	13	12	75
27/06/2024	11	3	2	9	20	12	74
28/06/2024	16	3	2	7	23	10	78
29/06/2024	6	4	2	6	10	9	77
30/06/2024	13	3	2	7	20	11	74
01/07/2024	10	4	2	7	16	10	85
02/07/2024	7	4	3	8	12	13	63
03/07/2024	10	4	3	13	16	18	65
04/07/2024	9	4	3	11	14	15	69
05/07/2024	11	3	2	8	16	11	62
06/07/2024	10	3	2	7	17	10	64
07/07/2024	11	3	2	6	17	9	62
08/07/2024	13	3	2	6	19	9	66
09/07/2024	13	3	2	8	19	12	55
10/07/2024	16	3	3	8	22	14	64
13/07/2024	15	3	2	7	23	10	67
14/07/2024	18	3	2	6	27	9	
16/07/2024	15				22		
17/07/2024	13	3	2	6	21	9	66
18/07/2024	11	3	2	8	17	11	60
19/07/2024	10	3	3	9	15	14	59
20/07/2024	11	3	5	16	18	24	49
21/07/2024	14	3	3	10	23	15	57
22/07/2024	12	3	3	10	22	16	50
23/07/2024	13	3	4	12	23	18	55
24/07/2024	11	3	4	10	19	17	55
26/07/2024	8	3	3	9	13	13	59
27/07/2024	8	3	3	9	12	13	57
28/07/2024	14	3	3	8	22	12	54
29/07/2024	15	3	4	10	22	16	48
30/07/2024	11	3	5	19	23	26	48
31/07/2024	13	3	4	16	22	22	59
01/08/2024	15	3	4	12	19	17	60
02/08/2024	19	3	3	11	29	15	59
03/08/2024	15	3	3	9	24	13	61
04/08/2024	16	3	3	7	23	11	61
05/08/2024	14	3	3	8	21	12	63
06/08/2024	12	4	3	9	18	13	63
07/08/2024	10	5	3	10	15	14	52
08/08/2024	10	5	6	13	16	21	53
09/08/2024	11	4	3	10	14	15	54
10/08/2024	10	3	3	9	13	13	57
11/08/2024	8	3	3	8	13	12	64
12/08/2024	9	3	3	10	14	14	59
13/08/2024	14	3	3	9	20	14	54
14/08/2024	10	3	3	11	15	15	56
15/08/2024	5	3	3	7	8	11	53
16/08/2024	6	3	3	10	10	14	58
17/08/2024	10	3	3	10	16	14	61
18/08/2024	10	3	3	10	15	14	52
19/08/2024	13	3	5	15	19	22	45
20/08/2024	14	4	3	9	19	14	55
21/08/2024	16	4	3	9	21	13	55
22/08/2024	18	4	3	10	23	14	65
23/08/2024	19	4	3	8	23	12	71
24/08/2024	18	4	3	7	22	11	66
25/08/2024	15	4	3	9	22	14	51
26/08/2024	9	4	3	8	17	12	56
27/08/2024	11	4	3	9	19	14	56
28/08/2024	8	4	3	8	12	12	63
29/08/2024	8	4	3	8	12	12	61
30/08/2024	9	4	3	8	12	13	63
31/08/2024	11	4	3	7	14	12	61
01/09/2024	13	4	3	7	16	11	58
02/09/2024	13	4	3	10	17	14	58
04/09/2024	8	3	3	14	11	18	50
05/09/2024	5	3	3	9	8	13	50
06/09/2024	8	3	7	13	13	23	53
07/09/2024	9	3	3	10	14	13	53
08/09/2024	7	3	3	9	13	13	51
09/09/2024	6	3	3	12	11	16	54
10/09/2024	8	3	4	13	13	18	54
11/09/2024	9	3	3	9	14	14	55
12/09/2024	8	3	4	11	15	17	51
13/09/2024	4	3	3	8	8	12	47
14/09/2024	5	3	3	8	11	13	53
15/09/2024	6	3	3	9	12	14	56
16/09/2024	6	3	5	14	11	21	52
19/09/2024	7	3	3	10	9	14	53
20/09/2024	8	3	3	8	10	12	60
21/09/2024	9	3	3	8	12	12	64
22/09/2024	9	3	3	8	12	12	53
23/09/2024	14	3	3	9	18	14	50
24/09/2024	14	3	3	13	20	17	48
25/09/2024	6	3	3	10	11	14	48
26/09/2024	4	3	3	6	10	10	40
27/09/2024	4	3	3	7	8	11	54
28/09/2024	3	3	3	9	5	13	52
29/09/2024	5	3	3	9	9	13	48
30/09/2024	7	3	5	13	12	19	44
01/10/2024	8	3	5	16	13	23	40
02/10/2024	7	3	7	16	15	25	39
03/10/2024	3	3	3	9	7	14	52
04/10/2024	4	3	4	13	9	19	50
05/10/2024	7	3	3	14	10	18	55
06/10/2024	17	3	3	9	28	13	32
07/10/2024	18	3	10	13	31	27	38
08/10/2024	5	3	3	11	10	15	45
09/10/2024	5	3	3	6	10	10	54
10/10/2024	4	3	3	8	7	12	51
11/10/2024	7	3	2	10	12	12	53
12/10/2024	16	3	1	19	22	20	43
13/10/2024	12	3	1	7	16	8	50
14/10/2024	15	3	2	11	20	13	45
15/10/2024	20	3	1	11	31	13	49
16/10/2024	14	3	10	26	22	41	21
17/10/2024	3	3	1	7	6	8	44
18/10/2024	4	3	1	12	8	13	45
19/10/2024	5	3	1	12	8	13	38
20/10/2024	8	3	2	12	12	14	35
21/10/2024	11	3	13	16	15	35	42
22/10/2024	11	3	5	14	17	21	47
23/10/2024	9	3	1	15	12	16	37
24/10/2024	11	3	11	16	14	33	30
25/10/2024	16	3	9	20	21	33	25
26/10/2024	4	3	1	7	5	8	43
27/10/2024	3	3	1	7	4	8	41
28/10/2024	9	3	4	14	13	19	44
29/10/2024	32	3	1	5	41	6	
31/10/2024	27	3	2	10	43	12	37
01/11/2024	10	3	1	7	15	8	48
02/11/2024	10	3	2	9	15	11	40
03/11/2024	15	3	2	9	21	11	45
04/11/2024	15	3	2	14	21	17	36
05/11/2024	24	3	5	17	35	25	27
06/11/2024	23	3	2	14	32	18	30
07/11/2024	14	3	3	15	19	19	35
08/11/2024	15	3	10	27	23	41	21
09/11/2024	18	3	7	20	27	31	17
10/11/2024	10	3	2	20	17	23	24
11/11/2024	9	3	11	32	16	50	13
12/11/2024	8	3	4	16	19	21	29
13/11/2024	9	3	1	10	13	12	45
14/11/2024	15	3	1	8	22	9	52
15/11/2024	13	3	1	13	20	15	41
16/11/2024	12	3	2	20	18	23	32
17/11/2024	13	3	2	16	22	20	17
18/11/2024	17	3	11	23	29	40	11
19/11/2024	15	3	13	21	30	41	17
20/11/2024	9	3	1	11	19	12	35
21/11/2024	5	3	1	10	16	11	39
22/11/2024	4	3	1	8	8	10	49
23/11/2024	8	3	1	12	14	13	40
24/11/2024	14	3	4	14	20	21	32
25/11/2024	25	3	10	33	41	48	15
26/11/2024	7	3	5	23	14	32	25
27/11/2024	13	3	6	26	21	35	20
28/11/2024	19	3	6	27	27	37	21
29/11/2024	21	3	18	32	35	60	12
30/11/2024	29	3	17	24	36	51	16
01/12/2024	28	3	3	19	36	23	16
02/12/2024	32	4	40	33	46	95	6
03/12/2024	17	3	17	21	25	47	19
04/12/2024	10	3	3	20	16	24	20
05/12/2024	9	3	12	40	22	58	14
06/12/2024	5	3	1	15	9	17	25
07/12/2024	5	3	1	9	10	11	29
08/12/2024	2	3	1	6	6	7	54
09/12/2024	3	3	1	10	6	11	40
10/12/2024	5	3	3	14	12	17	33
11/12/2024	6	3	1	12	9	14	25
12/12/2024	7	3	5	20	11	27	22
13/12/2024	13	3	10	27	19	42	16
14/12/2024	7	3	2	14	11	17	27
15/12/2024	7	3	4	14	10	20	30
16/12/2024	8	3	6	20	14	29	21
17/12/2024	15	3	14	29	25	50	17
18/12/2024	19	3	20	33	38	64	10
19/12/2024	13	3	1	9	36	11	42
20/12/2024	6	3	11	24	17	41	32
21/12/2024	8	3	2	17	15	20	28
22/12/2024	5	3	1	10	11	12	30
23/12/2024	4	3	1	7	18	9	57
24/12/2024	9	3	8	26	18	38	23
25/12/2024	6	3	1	9	9	11	38
26/12/2024	15	3	15	24	21	48	14
27/12/2024	16	3	9	19	21	33	20
28/12/2024	14	3	2	16	18	18	24
29/12/2024	14	3	3	15	17	19	21
30/12/2024	16	3	4	21	22	27	18
31/12/2024	15	3	1	10	17	12	28
