Red: Red de Vigilancia y Control de la Contaminación AtmosféricaEstación: 46250301-València Port Moll Trans. Ponent
	
FECHA	PM2.5	Precip.	Veloc.	Direc.	Temp.	H.Rel.	Pres.	R.Sol.	SO2	CO	NO	NO2	PM10	NOx	O3	Veloc.máx.
	µg/m³	l/m²	m/s	grados	°C	% H.R.	mb	W/m²	µg/m³	mg/m³	µg/m³	µg/m³	µg/m³	µg/m³	µg/m³	m/s
01/01/2025	9	8	1,5	295	11,2	89	1045	46	4	0,3	5	19	13	26	35	2,3
02/01/2025	8	0	2,2	213	11,6	72	1042	110	1	0,2	30	35	19	81	18	3,2
03/01/2025	6	0	2,6	214	13,2	54	1037	88	1	0,1	14	34	22	55	27	3,8
04/01/2025	6	0	2,8	210	14,2	53	1035	100	1	0,1	6	17	14	27	43	4
05/01/2025	9	0	3,1	194	13,4	58	1028	77	1	0,1	8	20	19	33	40	4,6
06/01/2025	4	0	2,7	230	14,4	53	1023	60	1	0,1	3	12	12	17	50	4,3
07/01/2025	4	0	3,6	215	12,5	51	1034	114	1	0,1	11	19	16	36	43	5,6
08/01/2025	4	0	4,1	212	15,2	50	1033	99	1	0,1	10	17	15	31	46	6,3
09/01/2025	4	0	3,8	214	16,9	56	1035	108	2	0,1	21	23	14	55	38	6
10/01/2025	4	0	4,1	228	16,2	57	1038	101	1	0,1	8	17	11	29	37	6,3
11/01/2025	2	0	3,8	259	18,4	49	1037	93	1	0,1	5	8	8	16	51	6,5
12/01/2025	3	0	3,4	52	15,1	47	1040	120	1	0,1	2	4	12	7	65	6
13/01/2025	6	0	2,1	302	10,7	49	1044	122	1	0,1	9	22	20	35	46	3,3
14/01/2025	7	0	1,8	245	9,2	46	1045	123	3	0,2	15	37	22	59	32	2,8
15/01/2025	15	0	1,7	211	8,2	56	1041	110	3	0,3	29	46	35	90	22	2,5
16/01/2025	11	14,6	3,5	333	9,4	66	1040	103	1	0,2	14	21	29	42	42	5,6
17/01/2025	13	8	5	348	10,2	75	1043	24	1	0,1	8	11	35	23	48	8,2
18/01/2025	8	0	1,9	243	11	60	1040	124	1	0,2	16	29	19	54	31	3,1
19/01/2025	8	0	1,7	206	9,7	61	1036	124	1	0,2	15	26	14	49	32	2,5
20/01/2025	13	0	1,7	213	11,1	66	1033	82	4	0,2	23	45	37	80	18	2,6
21/01/2025	17	0,4	1,1	192	12,8	85	1029	61	4	0,3	59	51	31	141	10	1,7
22/01/2025	17	0	1,5	198	14,6	71	1026	101	2	0,2	46	40	44	110	15	2,3
23/01/2025	7	0	2,6	213	16,8	61	1030	111	1	0,1	24	31	23	68	29	3,8
24/01/2025	7	0	2,4	203	16	67	1034	129	4	0,1	45	36	22	106	26	3,7
25/01/2025	4	0	3	210	15,5	62	1032	68	3	0,1	12	16	12	34	43	4,6
26/01/2025	3	0	2,9	204	14,8	63	1034	96	1	0,1	8	13	6	25	46	4,4
27/01/2025	4	0	4,5	215	19,8	53	1025	95	1	0,1	14	12	23	34	44	8
28/01/2025	2	0	5,4	246	14,3	47	1032	117	3	0,1	9	8	9	21	63	9,7
29/01/2025	5	0	3,1	207	12,7	56	1033	41	3	0,1	27	25	15	66	40	5
30/01/2025	3	0	3	268	13,8	50	1031	117	1	0,1	13	15	10	35	50	5,1
31/01/2025	3	0	2,2	269	13,4	55	1041	143	1	0,1	14	22	11	43	46	3,5
01/02/2025	5	2,8	2,3	262	10,3	62	1037	103	2	0,1	8	14	10	27	43	3,5
02/02/2025	4	0,2	1,9	264	10,6	65	1035	148	2	0,1	7	12	6	22	45	3
03/02/2025	7	0	1,4	237	11	59	1039	144	4	0,2	36	42	20	97	24	2,2
04/02/2025	9	0	1,9	199	11,9	62	1043	149	4	0,1	32	41	29	90	29	2,7
05/02/2025	11	0	1,4	228	11,8	63	1047	153	2	0,2	29	41	27	85	24	2,1
06/02/2025	14	0	1,6	229	11,2	66	1044	152	1	0,2	29	47	29	91	23	2,4
07/02/2025	16	0	2	197	11,5	66	1035	143	3	0,2	34	40	33	92	30	3,1
08/02/2025	4	0	2,3	173	13,8	62	1036	159	3	0,1	11	23	9	39	42	3,8
09/02/2025	7	0	1,7	271	12	66	1041	156	5	0,1	9	18	16	32	40	2,5
10/02/2025	9	0	1,5	157	12,5	69	1038	100	5	0,2	25	37	23	76	30	2,3
11/02/2025	8	0	1,5	108	13,5	77	1034	155	1	0,2	30	36	21	82	38	2,3
12/02/2025	12	0	1,5	254	13,9	77	1031	94	1	0,2	20	27	23	58	36	2,3
13/02/2025	5	0	1,9	202	13,9	63	1035	157	2	0,1	22	32	16	66	31	2,9
14/02/2025	9	0	1,8	174	14,3	71	1032	164	2	0,2	28	36	23	79	25	2,6
15/02/2025	12	0	1,7	349	13,7	85	1031	126	1	0,2	11	16	21	33	46	2,6
16/02/2025	14	0	1,5	179	13,8	83	1029	162	1	0,2	12	20	20	38	41	2,2
17/02/2025	19	0	2	27	13,9	86	1030	156	2	0,1	15	18	29	41	46	2,9
18/02/2025	14	0	1,7	16	14,4	79	1031	131	2	0,1	16	22	24	47	55	2,5
19/02/2025	17	0	1,5	5	14,1	84	1036	147	4	0,2	16	23	32	47	48	2,1
20/02/2025	15	0	1,7	139	15,1	76	1042	137	2	0,2	16	26	27	51	48	2,6
21/02/2025	13	0	1,4	133	15,1	81	1040	99	1	0,2	10	26	25	42	51	2,2
22/02/2025	16	6,8	1,8	48	13,9	83	1036	82	1	0,2	5	18	25	26	43	2,7
23/02/2025	8	0,2	1,5	351	14,2	73	1044	92	1	0,1	2	17	18	20	48	2,3
24/02/2025	8	0	2,3	196	14,6	62	1043	140	2	0,2	35	33	23	87	25	3,3
25/02/2025	5	0,2	3,1	235	15,9	54	1037	64	1	0,1	8	18	17	30	43	4,9
26/02/2025	5	0	2,4	227	13,4	55	1040	196	1	0,2	12	25	17	43	44	3,8
27/02/2025	9	0	1,8	281	12,4	63	1033	129	1	0,1	18	29	29	57	33	2,6
28/02/2025	8	0	2,5	359	12,9	75	1018	130	1	0,1	5	17	16	24	57	3,7
01/03/2025	7	0,4	4,8	27	13	75	1017	95	1	0,1	1	6	18	8	71	7,3
02/03/2025	10	1	6,5	28	12,4	77	1021	70	1	0,1	1	4	27	6	68	9,7
03/03/2025	13	4,2	4,6	51	14,2	89	1019	56	1	0,1	3	9	28	14	67	7
04/03/2025	15	0,6	6,1	23	13,8	91	1019	32	1	0,1	3	5	33	10	72	9,1
05/03/2025	12	1,6	6	39	13,9	91	1019	14	1	0,1	3	5	22	10	76	8,9
06/03/2025	16	0	4,8	29	14,3	91	1016	73	1	0,1	3	5	32	9	73	7
07/03/2025	11	1,2	2,1	8	13,6	89	1014	81	1	0,1	6	18	32	27	50	3,2
08/03/2025	12	0,8	2,1	92	14,6	89	1005	89	1	0,1	3	18	26	23	55	3,4
09/03/2025	2	0	3,3	216	14,2	59	1001	185	1	0,1	2	10	5	13	64	5,2
10/03/2025	4	0	2,2	212	14,3	68	1003	144	1	0,2	19	28	15	57	37	3,5
11/03/2025	3	2,4	2,6	204	14,7	67	1002	156	1	0,1	12	24	12	43	46	4,2
12/03/2025	3	0	3,7	239	15,7	56	1001	197	1	0,1	6	13	13	23	53	6
13/03/2025	6	5,2	2,1	259	13	72	997	66	2	0,1	15	26	17	49	37	3,4
14/03/2025	8	7	3,2	8	10,4	84	1001	57	2	0,1	5	18	25	26	47	4,9
15/03/2025	4	0	2,4	234	11,8	54	1012	200	1	0,2	6	16	9	25	52	3,9
16/03/2025	8	1	1,7	179	11,9	69	1016	134	1	0,2	6	20	13	29	36	2,6
17/03/2025	6	0,4	1,9	354	10,7	75	1019	33	2	0,2	4	15	11	21	48	3
18/03/2025	8	12,2	3,9	14	11,8	86	1018	27	2	0,2	2	9	15	13	63	5,9
19/03/2025	9	13,8	3,7	13	13,7	94	1021	161	2	0,2	2	8	21	11	69	5,5
20/03/2025	23	0	5,1	26	14,5	92	1019	109	2	0,2	5	7	55	14	71	7,6
21/03/2025	15	1,6	3,1	219	16,5	66	1012	156	1	0,1	11	22	45	39	43	4,9
22/03/2025	2	0	4,6	224	15	53	1009	171	1	0,1	2	7	8	10	62	7,4
23/03/2025	2	0	3,4	257	14	55	1008	227	2	0,1	1	5	7	7	62	5,6
24/03/2025	4	0	2,5	272	14,5	61	1015	215	2	0,1	7	17	15	28	46	3,9
25/03/2025	6	0	1,5	192	14,4	68	1021	208	2	0,2	12	24	19	43	37	2,4
26/03/2025	6	0	2,1	190	14,7	63	1020	251	1	0,1	17	30	22	55	36	3,1
27/03/2025	7	0	1,9	121	14,5	64	1017	255	2	0,1	13	24	21	44	46	3,1
28/03/2025	8	0	2,4	194	15,1	60	1016	260	2	0,1	15	27	26	49	41	3,7
29/03/2025	3	0	4,2	295	17	32	1017	241	2	0,1	2	4	15	6	76	8
30/03/2025	4	0	2,2	217	14,7	46	1020	272	2	0,2	6	21	12	30	52	3,4
31/03/2025	8	0	2,1	171	16	60	1017	272	2	0,2	21	35	26	68	36	3
01/04/2025	11	0	2,8	32	15,5	75	1010	261	2	0,2	13	22	29	42	60	4
02/04/2025	9	0	2,6	47	15,8	76	1009	213	1	0,1	9	21	25	35	64	4,2
03/04/2025	10	0	5,1	40	15,1	86	1015	91	1	0,1	4	7	23	14	79	7,8
04/04/2025	12	12,4	3,8	29	15,3	84	1013	196	1	0,1	8	12	30	24	69	5,6
05/04/2025	4	0	2,5	232	18	62	1013	280	1	0,1	3	12	10	17	51	3,9
06/04/2025	3	0	2,2	202	18,6	57	1013	273	1	0,1	7	21	8	32	42	3,2
07/04/2025	8	0	2,2	57	18,3	67	1018	282	1	0,1	11	23	30	40	50	3,2
08/04/2025	12	0	1,8	19	16,2	80	1023	252	1	0,1	7	15	26	26	65	2,7
09/04/2025	15	0	2	40	16,6	81	1020	275	1	0,1	13	20	30	39	59	3
10/04/2025	11	0	2,6	15	16,4	81	1022	179	1	0,1	14	17	24	39	61	3,8
11/04/2025	10	0,4	3,4	20	16	84	1020	181	1	0,1	6	11	24	20	68	5,1
12/04/2025	15	0	1,5	197	15,7	83	1013	95	2	0,1	7	24	27	35	41	2,4
13/04/2025	21	0	1,5	29	16,6	84	1011	194	2	0,2	2	13	29	16	52	2,2
14/04/2025	14	0	1,8	9	17,7	79	1008	205	1	0,1	6	22	26	32	50	2,9
15/04/2025	5	0	4,1	228	17,1	46	1005	225	1	0,1	8	14	33	26	60	6,8
16/04/2025	2	0	4	257	16,4	41	1012	297	1	0,1	6	12	14	21	60	6,9
17/04/2025	4	0	2,9	248	18,3	55	1015	297	2	0,1	6	14	13	23	58	4,7
18/04/2025	5	0	2,1	152	18,3	69	1013	272	2	0,1	3	17	12	23	46	3,4
19/04/2025	4	0	4,5	230	17,7	52	1007	254	2	0,1	1	6	16	8	64	7,7
20/04/2025	2	0	2,9	221	16	54	1011	249	2	0,1	4	9	6	15	61	4,8
21/04/2025	4	0	2,6	183	17,2	63	1017	292	2	0,1	3	11	10	15	57	4
22/04/2025	7	10,2	1,6	183	15,8	83	1020	147	2	0,1	16	27	14	52	37	2,5
23/04/2025	6	0	2,2	190	16,9	71	1022	311	2	0,1	13	26	17	45	39	3,3
24/04/2025	8	0	1,8	142	17,8	73	1020	309	2	0,1	14	26	20	48	40	2,7
25/04/2025	9	0	1,8	44	17,3	83	1016	250	1	0,1	6	18	17	28	51	2,6
26/04/2025	7	0	1,6	47	18,6	80	1017	276	2	0,1	3	12	12	16	54	2,4
27/04/2025	1	0	2,4	69	18,7	56	1022	317	1	0,1	2	8	5	12	65	4,1
28/04/2025		0														
29/04/2025		0														
30/04/2025	6	0	5,1	29	17,7	81	1020	214	2	0,1	3	8	15	12	72	7,5
01/05/2025	10	0	4,9	29	18	82	1018	198	2	0,1	2	6	22	9	79	7,4
02/05/2025	12	0	4,8	29	18	86	1017	117	2	0,1	3	7	23	13	79	7,2
03/05/2025	14	0	2	119	19,7	81	1015	296	2	0,1	5	17	26	25	59	3
04/05/2025	3	0	4	233	22,1	49	1011	294	2	0,1	1	4	10	6	68	6,8
05/05/2025	3	1	2,3	250	20,3	58	1010	193	2	0,1	11	23	12	39	48	3,9
06/05/2025	4	0	2,5	103	18	51	1014	295	2	0,1	23	29	14	64	54	4,2
07/05/2025	5	0,2	2,1	56	17,4	63	1016	185	2	0,1	32	27	15	75	58	3,4
08/05/2025	6	21,6	1,7	286	16,9	79	1013	173	1	0,1	6	23	14	32	56	2,9
09/05/2025	8	0	2,1	57	17,6	81	1013	278	1	0,1	7	16	17	26	57	3,1
10/05/2025	6	0	3	44	18,5	82	1014	226	1	0,1	1	6	15	8	67	4,5
11/05/2025	6	0	2,3	254	20,8	59	1012	299	1	0,1	1	9	12	11	59	3,9
12/05/2025	6	0	2,5	133	19,5	61	1015	331	2	0,1	13	25	20	45	50	4,1
13/05/2025	7	0	2,1	39	18,9	74	1015	243	2	0,1	13	19	16	38	60	3,1
14/05/2025	7	1,4	2,8	19	18,8	81	1015	215	1	0,1	7	12	14	23	63	4,2
15/05/2025	6	0	1,9	194	19,8	61	1016	273	1	0,1	14	25	17	47	44	2,9
16/05/2025	6	0	2,7	161	20,6	64	1015	335	2	0,1	9	22	17	36	56	4,1
17/05/2025	7	0	2,9	23	19,9	77	1017	321	3	0,1	1	8	14	10	73	4,2
18/05/2025	9	0	2,1	40	20,6	78	1017	324	2	0,1	2	7	14	10	76	3,2
19/05/2025	7	0	2,8	247	23,7	51	1015	303	2	0,1	9	20	28	34	59	4,7
20/05/2025	5	0	2,4	181	22,1	58	1019	338	1	0,1	12	25	16	44	64	3,9
21/05/2025	6	0	2,4	94	21,8	63	1018	335	1	0,1	8	23	17	35	60	3,7
22/05/2025	6	0	2,2	67	20,9	66	1017	301	1	0,1	12	20	16	39	56	3,5
23/05/2025	5	0	2,8	52	19,5	65	1019	301	1	0,1	13	22	17	43	56	4,3
24/05/2025	5	0	2,2	58	20,1	63	1020	344	1	0,1	2	10	13	13	64	3,4
25/05/2025	6	0	2,2	63	21,1	67	1020	341	1	0,1	3	10	12	15	74	3,2
26/05/2025	7	0	2,7	18	21,1	79	1021	311	2	0,1	6	13	16	23	77	3,9
27/05/2025	7	0	2	34	21,5	75	1024	333	2	0,1	6	16	15	25	65	2,9
28/05/2025	8	0	2,1	87	22,1	72	1024	335	1	0,1	12	22	23	40	46	3
29/05/2025	7	0	2,1	64	22,7	73	1023	337	1	0,1	16	21	18	45	52	3
30/05/2025	8	0	2,4	47	23,1	75	1022	323	1	0,1	5	16	19	25	63	3,5
31/05/2025	6	0	2,2	63	23,9	74	1022	307	1	0,1	3	12	13	18	66	3,3
01/06/2025	6	0	2,5	59	24,6	72	1019	306	1	0,1	5	15	12	23	66	3,7
02/06/2025	6	0	3,7	32	23,7	77	1018	275	1	0,1	4	9	17	16	70	5,4
03/06/2025	9	17,6	2,5	68	22,1	75	1014	221	1	0,1	11	21	24	38	54	3,8
04/06/2025	12	0	2,4	129	22,9	70	1015	307	1	0,1	10	25	29	39	54	3,8
05/06/2025	15	0	2	61	22,9	79	1017	304	1	0,1	7	19	29	30	64	2,9
06/06/2025	12	0	2,1	38	23,2	79	1018	319	1	0,1	6	12	22	20	66	3
07/06/2025	11	0	2,3	58	23,4	78	1017	336	2	0,1	3	11	18	16	63	3,3
08/06/2025	10	0	2,1	30	24,1	80	1021	322	2	0,1	1	4	17	6	63	3,2
09/06/2025	10	0	1,9	61	24,2	79	1022	288	2	0,1	6	15	25	24	51	3
10/06/2025	10	0	2	119	24,8	76	1021	274	2	0,1	13	23	20	43	53	3,1
11/06/2025	14	0	1,6	93	25,5	69	1017	213	1	0,2	11	30	31	47	53	2,5
12/06/2025	16	0	1,9	52	24,9	74	1015	317	1	0,2	14	21	30	42	61	2,8
13/06/2025	18	0	2,2	26	25,1	81	1018	244	2	0,2	4	10	30	17	75	3,3
14/06/2025	19	0	2,1	34	25,4	79	1019	270	2	0,1	2	8	29	11	77	3,1
15/06/2025	16	0	2,4	14	25,7	79	1021	278	1	0,2	1	5	29	7	75	3,6
16/06/2025	12	0	2	33	25,2	77	1023	287	1	0,1	6	14	28	22	56	3
17/06/2025	13	0	2,1	63	25,6	81	1021	282	1	0,2	9	18	33	32	53	3,2
18/06/2025	10	0	2,1	35	25,7	81	1022	288	1	0,1	6	12	21	21	61	3,1
19/06/2025	10	0	1,9	40	25,9	78	1021	295	2	0,1	8	14	22	27	64	2,9
20/06/2025	12	0	2,1	84	27,2	74	1021	345	2	0,1	6	20	32	30	60	3,2
21/06/2025	12	0	2,2	29	26,7	75	1019	307	1	0,1	2	9	33	12	71	3,2
22/06/2025	10	0	2,3	53	27,4	72	1020	332	1	0,1	2	7	19	10	76	3,6
23/06/2025	10	0	2,4	113	27,5	68	1020	342	2	0,1	8	19	21	31	62	3,6
24/06/2025	10	0	1,9	69	27,7	62	1018	350	2	0,1	10	20	24	36	61	2,9
25/06/2025	12	0	1,7	41	27,4	63	1015	323	3	0,1	12	25	39	43	55	2,6
26/06/2025	12	0	2	25	27,4	66	1020	351	3	0,1	6	15	37	24	61	2,8
27/06/2025	14	0	2,1	76	27,8	70	1024	345	2	0,1	9	25	44	38	57	3,2
28/06/2025	11	0	2,1	43	28,5	69	1023	341	2	0,1	4	18	24	25	62	3
29/06/2025	10	0	1,7	36	28,7	73	1021	345	2	0,1	1	12	20	14	66	2,4
30/06/2025	9	0	2	120	29,3	60	1018	349	2	0,1	8	23	29	35	58	2,9
01/07/2025	10	0	1,6	120	29,4	64	1017	330	2	0,1	11	33	31	49	46	2,4
02/07/2025	8	0	1,9	117	29	72	1017	310	2	0,1	16	29	25	54	46	3
03/07/2025	8	0	2,3	59	28,7	76	1022	331	2	0,1	6	14	19	23	53	3,4
04/07/2025	9	0	2	70	28,8	71	1022	330	2	0,1	4	14	20	21	67	2,9
05/07/2025	9	3,2	2,1	23	28,8	66	1019	320	1	0,1	2	10	25	14	74	3,5
06/07/2025	6	1,2	2,4	107	28,7	64	1014	352	1	0,1	2	11	13	15	79	3,8
07/07/2025	8	0	3,2	49	28,2	71	1013	329	2	0,1	5	10	23	18	61	4,7
08/07/2025	11	0	3,1	62	26,5	69	1017	223	2	0,1	6	9	28	18	54	4,8
09/07/2025	8	0,4	3,5	111	27,4	79	1019	301	2	0,1	10	22	21	37	45	5,8
10/07/2025	8	0	2,6	46	27,6	79	1018	333	2	0,1	7	14	22	25	58	4,1
11/07/2025	9	0	3	67	27,9	78	1014	346	2	0,1	5	12	25	19	65	4,9
12/07/2025	7	12,6	3,1	35	25,4	74	1012	289	2	0,1	2	9	20	12	76	4,7
13/07/2025	6	0	2,2	101	26,4	69	1016	355	1	0,1	3	10	12	14	64	3,4
14/07/2025	7	0	2,1	25	27,1	77	1021	325	1	0,1	4	10	21	17	61	3,1
15/07/2025	7	0	1,8	45	27,2	74	1021	342	1	0,1	10	15	24	30	52	2,6
16/07/2025	8	0	1,9	122	28,2	72	1020	351	1	0,1	7	20	24	31	48	2,8
17/07/2025	10	0	3	46	28,3	74	1015	334	2	0,1	8	18	34	30	51	4,3
18/07/2025	11	0	2,3	41	27,6	81	1011	289	2	0,1	4	12	28	18	57	3,4
19/07/2025	11	0	2,4	77	28,3	72	1010	342	1	0,1	3	11	29	15	56	3,6
20/07/2025	9	0	2,8	190	29,8	58	1008	349	1	0,1	4	19	23	26	46	4,3
21/07/2025	8	0	3	73	28,4	59	1013	343	2	0,1	6	12	33	21	52	4,5
22/07/2025	8	0	2,7	51	27,4	76	1017	333	1	0,1	7	12	23	23	52	4,2
23/07/2025	6	0	2,4	49	27,6	77	1014	233	1	0,1	5	10	18	19	55	3,8
24/07/2025	8	3,6	3,8	5	23	77	1016	35	1	0,1	3	8	27	13	52	5,9
25/07/2025	7	0	2,1	52	24,5	64	1019	339	1	0,1	7	16	26	27	52	3,5
26/07/2025	6	0	2	67	25,8	67	1020	337	1	0,1	3	14	14	19	57	3,2
27/07/2025	5	0	2,3	63	26,5	67	1018	332	2	0,1	2	8	12	10	68	3,6
28/07/2025	7	0	2,1	97	27	67	1017	331	2	0,1	7	17	25	28	47	3,4
29/07/2025	7	0,8	2,8	88	24,8	73	1020	239	2	0,1	7	19	19	31	51	4,5
30/07/2025	7	0	2,5	97	26,7	68	1021	331	2	0,1	8	17	17	29	61	4,2
31/07/2025		0														
01/08/2025	7	0	2	20	26,3	71	1017	271	2	0,1	3	13	17	19	61	3,3
02/08/2025	6	0	1,8	56	26,4	74	1016	321	1	0,1	3	10	14	14	57	2,9
03/08/2025	6	0	1,9	50	26,4	77	1020	229	2	0,1	2	10	13	13	57	3,1
04/08/2025	6	0	2,5	123	27,1	72	1023	311	1	0,1	8	22	18	34	52	4,1
05/08/2025	7	0	2	65	27,1	72	1022	294	2	0,1	8	16	19	30	57	3
06/08/2025	7	0	2,7	34	27,2	72	1020	289	2	0,1	6	13	22	22	64	4,2
07/08/2025	10	0	2,3	9	26,9	78	1020	305	2	0,1	5	12	20	20	69	3,4
08/08/2025	12	0	1,8	39	27,3	78	1021	306	2	0,1	4	13	22	20	62	2,8
09/08/2025	12	0	1,8	30	27,7	72	1022	304	2	0,1	2	10	20	14	72	2,6
10/08/2025	12	0	1,5	158	28,3	63	1023	309	1	0,1	3	17	25	22	58	2,2
11/08/2025	17	0	2,1	153	30,3	60	1018	296	1	0,1	12	33	49	52	52	2,9
12/08/2025	12	0	2,3	23	28,3	81	1018	267	1	0,1	3	11	26	16	66	3,3
13/08/2025	12	0	1,5	91	28,4	73	1018	277	1	0,1	6	22	29	31	56	2,4
14/08/2025	10	0	1,4	59	28	72	1019	279	1	0,1	6	20	24	30	52	2,2
15/08/2025	13	0	1,6	168	28,6	67	1021	304	1	0,1	6	23	22	33	55	2,3
16/08/2025	12	0	2,2	161	28,8	64	1019	269	2	0,1	7	21	24	31	58	3,1
17/08/2025	17	0	1,5	152	30,2	56	1016	228	2	0,1	7	27	32	38	52	2,2
18/08/2025	20	0	2,8	36	29	73	1015	225	1	0,1	3	14	45	20	60	4,4
19/08/2025	13	3,2	3	28	28,2	75	1013	255	1	0,1	2	7	30	10	79	4,5
20/08/2025	14	0	2,3	60	27,2	70	1012	232	1	0,1	6	17	31	27	58	3,5
21/08/2025	11	0	2,6	85	26,9	69	1014	273	1	0,1	9	20	23	34	49	4,1
22/08/2025	7	0	2,1	49	26,5	66	1018	207	1	0,1	4	13	18	19	64	3,4
23/08/2025	7	0	2,1	40	26,6	75	1018	240	1	0,1	3	12	13	17	61	3,4
24/08/2025	8	0	2,2	74	27,2	77	1017	274	1	0,1	7	14	14	25	59	3,4
25/08/2025	10	0	2	12	27,3	79	1018	207	1	0,1	4	12	23	19	61	3,1
26/08/2025	12	0	1,8	24	27,5	72	1015	232	1	0,1	4	14	27	21	62	2,8
27/08/2025	11	0	2	3	27,4	76	1011	240	2	0,1	5	12	29	20	58	3,1
28/08/2025	15	0	2,5	138	27,6	70	1010	269	1	0,1	7	18	44	28	53	3,9
29/08/2025	14	0	2,4	265	28,3	54	1013	255	1	0,1	21	23	42	54	50	4,2
30/08/2025	7	0	2,4	77	27,1	58	1016	275	3	0,1	6	15	17	25	62	3,9
31/08/2025		0														
