Red: Red de Vigilancia y Control de la Contaminación AtmosféricaEstación: 46250050-València - Bulevard Sud
	
FECHA	SO2	NO	NO2	PM10	Ni	NOx	O3	As	Pb	BaP	Cd	FA	DahA	IcdP	BkFA	BjFA	BbFA	BaA
	µg/m³	µg/m³	µg/m³	µg/m³	ng/m³N	µg/m³	µg/m³	ng/m³N	µg/m³	ng/m³N	ng/m³N	ng/m³N	ng/m³N	ng/m³N	ng/m³N	ng/m³N	ng/m³N	ng/m³N
01/01/2025	4	6	12	18	2,14	21	21	0,28	0,01		0,07							
02/01/2025	4	18	15	28		43	14			0,09		0,04	0,04	0,15	0,09	0,04	0,14	0,09
03/01/2025	4	14	13	21		34	29											
04/01/2025	3	5	10	17		17	43											
05/01/2025	3	5	9	30	1,31	17	49	0,42	0,01		0,07							
06/01/2025	3	5	10	22		17	41			0,04		0,04	0,04	0,04	0,04	0,04	0,04	0,04
07/01/2025	4	5	8	23	0,61	16	45	0,14	0,01		0,01							
08/01/2025	3	2	5	19	0,47	8	56	0,14	0,01		0,03							
09/01/2025	3	4	7	22	0,75	13	50	0,14	0,01		0,01							
10/01/2025	3	2	5			8	44											
11/01/2025	3	3	7	21	0,92	12	50	0,14	0,01		0,01							
12/01/2025	3	2	8	28		11	63											
13/01/2025	4	4	14	31	1,06	20	30	0,28	0,01		0,43							
14/01/2025	4			38			26											
15/01/2025	4			50	1,75		18	1,25	0,01		0,35							
16/01/2025	4			30			35											
17/01/2025	4	4	11	19	0,5	17	42	0,14	0,01		0,06							
18/01/2025	4	10	13	30		28	27			0,13		0,08	0,04	0,27	0,19	0,12	0,23	0,13
19/01/2025	4	4	10	27	0,64	15	30	0,28	0,01		0,11							
20/01/2025	4	9	27	37		41	20											
21/01/2025	4	37	37	49	2,65	93	4	0,97	0,02		0,36							
22/01/2025	4	26	27	48		67	17											
23/01/2025	3	2	18	23	0,99	22	39	0,14	0,01		0,04							
24/01/2025	3	5	21	28		29	34											
25/01/2025	3	2	11	14	3,19	14	51	0,14	0,01		0,07							
26/01/2025	3	2	12	13		16	49			0,04		0,04	0,04	0,04	0,04	0,04	0,04	0,04
27/01/2025	3	2	10	24	0,83	14	51	0,14	0,01		0,03							
28/01/2025	3	2	9	15		13	71											
29/01/2025	3	2	13	20	0,56	17	55	0,14	0,01		0,03							
30/01/2025	3	3	17	18		21	54											
31/01/2025	3	3	24	23	1,61	29	47	0,28	0,01		0,08							
01/02/2025	4	2	22	18		25	34											
02/02/2025	4	4	18	15	0,36	24	38	0,28	0,01		0,07							
03/02/2025	4	12	34	29		52	21			0,43		0,2	0,04	0,66	0,59	0,37	0,91	0,36
04/02/2025	4	14	37	38	1,47	59	24	0,7	0,01		0,25							
05/02/2025	4	25	41	41	2,87	79	18	1,25	0,01		0,19							
06/02/2025	4	20	39	39	2,31	69	25	0,83	0,01		0,33							
07/02/2025	4	15	31	32		54	35											
08/02/2025	3	3	23	13	2,31	28	44	0,28	0,01		0,08							
09/02/2025	3	3	26	16		30	33											
10/02/2025	4	10	30			45	37											
11/02/2025	3	17	32	29		58	39			0,19		0,09	0,04	0,26	0,22	0,04	0,29	0,16
12/02/2025	3	8	34			47	28											
13/02/2025	3	5	32	26		40	30											
14/02/2025	3	18	44			70	21											
15/02/2025	3	8	32	34		44	33											
16/02/2025	3	3	24			28	40											
17/02/2025	4	24	33	41		70	39											
18/02/2025	3	3	35	37		41	52			0,04		0,04	0,04	0,04	0,07	0,04	0,09	0,04
19/02/2025	3	17	46	48	3,76	71	32	0,69	0,01		0,14							
20/02/2025	3	3	37	32	7,65	42	45	0,42	0,01		0,21							
21/02/2025	3	3	34	36		38	57											
22/02/2025	3	4	31	26	1,82	37	38	1,11	0,14		0,1							
23/02/2025	3	5	30	21		39	40											
24/02/2025	3	10	33	22	0,71	48	32	0,28	0,01		0,06							
25/02/2025	3	3	28	18	0,71	33	43	0,28	0,01		0,06							
26/02/2025	3	5	35	21		43	45			0,04		0,04	0,04	0,1	0,04	0,04	0,12	0,04
27/02/2025	4	19	48	39	2,1	77	28	0,56	0,01		0,15							
28/02/2025	3	7	35	47	1,82	46	51	0,28	0,01		0,07							
01/03/2025	3	2	21	26		24	66											
02/03/2025	4	2	14	21	0,71	18	66	0,28	0,02		0,04							
03/03/2025	3	3	25	38		30	63											
04/03/2025	3	2	19	31	1,12	22	70	0,28	0,01		0,04							
05/03/2025	3	2	16	27		19	77											
06/03/2025	3	2	18	36	0,61	22	74	0,14	0,01		0,06							
07/03/2025	3	9	43	27		56	45			0,04		0,04	0,04	0,04	0,04	0,04	0,1	0,04
08/03/2025	3	2	34	31	3,25	38	58	0,28	0,01		0,07							
09/03/2025	3	2	14	6		17	76											
10/03/2025	3	4	30	13	0,75	37	53	0,14	0,01		0,11							
11/03/2025	3	7	28	10		39	63			0,04		0,04	0,04	0,04	0,04	0,04	0,04	0,04
12/03/2025	3	5	24	13	0,47	33	61	0,14	0,01		0,03							
13/03/2025	3	12	54	22	1,17	73	34	0,28	0,01		0,08							
14/03/2025	3	10	51	14	0,19	66	32	0,42	0,01		0,07							
15/03/2025	4	3	30	16		36	52			0,04		0,04	0,04	0,17	0,11	0,04	0,22	0,04
16/03/2025	3	6	40	25	0,33	49	36	0,42	0,01		0,06							
17/03/2025	3	8	45	21		58	34											
18/03/2025	3	2	30	12	0,68	33	55	0,28	0,01		0,04							
19/03/2025	3	1	15	42		18	74											
20/03/2025	3	2	16	65	2,49	19	75	0,42	0,01		0,39							
21/03/2025	3	9	32	36		47	44											
22/03/2025	3	1	7	7	0,4	9	70	0,05	0,01		0,03							
23/03/2025	3	1	9	11		11	70			0,18		0,04	0,04	0,09	0,07	0,04	0,15	0,04
24/03/2025	3			23	1,21		50	0,28	0,01		0,32							
25/03/2025	3						38											
26/03/2025	3			28	2,04		42	0,28	0,01		0,11							
27/03/2025	3						55											
28/03/2025	3			36	1,76		44	0,42	0,01		0,49							
29/03/2025	3						85											
30/03/2025	3			24	0,93		60	0,14	0,01		0,06							
31/03/2025	3			39			47			0,2		0,04	0,04	0,13	0,07	0,04	0,16	0,04
01/04/2025	3			34	1,07		73	0,14	0,01		0,03							
02/04/2025	3	2	35	27		37	75											
03/04/2025	3	2	18	34	1,08	20	83	0,28	0,01		0,03							
04/04/2025	3			26			69											
05/04/2025	3			13	5,11		54	0,14	0,01		0,01							
06/04/2025	3			18			53											
07/04/2025	3			27														
08/04/2025	3			31						0,04		0,04	0,04	0,09	0,04	0,04	0,1	0,04
09/04/2025	3	7	17	33	3,17	27	70	0,42	0,01		0,11							
10/04/2025	3	4	17	27		23	71											
11/04/2025	3	2	11	27	1,78	15	81	0,42	0,01		0,08							
12/04/2025	3	2	16	29		18	55											
13/04/2025	3	4	16	30	3,58	21	52	0,56	0,01		0,1							
14/04/2025	3	6	21	30		31	60											
15/04/2025	3	1	5	14	0,17	5	82	0,14	0,01		0,01							
16/04/2025	3	2	8	13		10	78			0,04		0,04	0,04	0,04	0,04	0,04	0,04	0,04
17/04/2025	3	2	11	19	0,86	13	75	0,14	0,01		0,04							
18/04/2025	3	1	14	17	1,28	15	57	0,14	0,01		0,04							
19/04/2025	3	1	6	10	0,17	6	75	0,05	0,01		0,01							
20/04/2025	3	1	10	9		10	75											
21/04/2025	3	1	7	13	1	7	70	0,14	0,01		0,03							
22/04/2025	3	10	24	19		39	42											
23/04/2025	3	6	16	21	1,14	24	55	0,42	0,01		0,06							
24/04/2025	3	8	19	30		30	54			0,04		0,04	0,04	0,04	0,04	0,04	0,04	0,04
25/04/2025	3	11	21			37	56											
26/04/2025	3	3	17	22		20	55											
27/04/2025	3	1	6			7	81											
28/04/2025	3	2	16			18												
29/04/2025	3	5	14			22												
30/04/2025	3	2	8	33		10	74											
01/05/2025	3	1	5			5	82											
02/05/2025	3	1	8	34		9	79			0,04		0,04	0,04	0,04	0,04	0,04	0,04	0,04
05/05/2025	4	2	12			14	62											
06/05/2025	3	2	9	20		11	82											
07/05/2025	4	3	14			17	78											
08/05/2025	3	3	21	24		25	54											
09/05/2025	4	6	17			25	50											
10/05/2025	4	1	9	23		10	62			0,04		0,04	0,04	0,04	0,04	0,04	0,04	0,04
11/05/2025	3	1	6			6	63											
12/05/2025	3	4	15	27		20	63											
13/05/2025	3	5	17			23	64											
14/05/2025	3	2	9	23		12	69			0,04		0,04	0,04	0,04	0,04	0,04	0,04	0,04
15/05/2025	3	6	15			23	53											
16/05/2025	3	3	18	24		21	63											
17/05/2025	4	2	11			13	73											
18/05/2025	4	1	9	24		10	76			0,04		0,04	0,04	0,04	0,04	0,04	0,04	0,04
19/05/2025	4	4	17			21	62											
20/05/2025	4	2	15			17	77											
21/05/2025	4	4	20			25	64											
22/05/2025	4	3	13	25		17	63			0,04		0,04	0,04	0,04	0,04	0,04	0,04	0,04
23/05/2025	4	4	13			18	62											
24/05/2025	5	2	13	21		16	57											
25/05/2025	4	1	11			12	74											
26/05/2025	5	8	18	27		30	63			0,04		0,08	0,04	0,08	0,04	0,04	0,1	0,04
27/05/2025	5	6	25			35	51											
28/05/2025	5	5	23			30	47											
29/05/2025	5	9	28			42	50											
30/05/2025	5	4	22	35		28	58											
31/05/2025	5	1	14			15	62											
01/06/2025	5	1	11	31		12	69											
02/06/2025	5	2	12			14	67											
03/06/2025	5	3	22	33		26	50			0,04		0,04	0,04	0,04	0,04	0,04	0,04	0,04
04/06/2025	5	2	15			17	66											
05/06/2025	5	7	24	45		35	63											
06/06/2025	5	3	17			21	63											
07/06/2025	5	1	14			15	62											
08/06/2025	5	1	7			7	60											
09/06/2025	5	1	14			15	49											
10/06/2025	5	3	22			26	51											
11/06/2025	5	3	30			35	51											
12/06/2025	6	3	20			24	65											
13/06/2025	6	2	14	43		17	69											
14/06/2025	6	1	10			12	81											
15/06/2025	6	1	6			7	74											
16/06/2025	5	4	17			23	51											
17/06/2025	5	4	18			23	58											
18/06/2025	5	2	18			21	59											
19/06/2025	5	5	20			26	58											
20/06/2025	6	4	18			23	65											
21/06/2025	5	2	13			15	69											
22/06/2025	6	1	8			9	79											
23/06/2025	5	2	16			18	66											
24/06/2025	6	3	19			24	63											
25/06/2025	5	3	29			34	55											
26/06/2025	6	4	21			27	57											
27/06/2025	6	3	18			22	62											
28/06/2025	6	2	20			23	66											
29/06/2025	6	1	18			20	67											
30/06/2025	4	3	23			26	63											
01/07/2025	3	6	27			36	57											
02/07/2025	3	3	19			22	58											
03/07/2025	3	2	17			20	63											
04/07/2025	3	2	16			19	75											
05/07/2025	3	1	13			14	76											
06/07/2025	3	1	9			10	92											
07/07/2025	3	2	12			14	69											
08/07/2025	3	2	11			13	59											
09/07/2025	3	1	7			9	75											
10/07/2025	3	1	10			11	80											
11/07/2025	3	1	11			12	76											
12/07/2025	3	1	7			7	86											
13/07/2025	3	1	9			10	75											
14/07/2025	3	2	13			15	68											
15/07/2025	3	4	21			27	51											
16/07/2025	3	4	22			27	53											
17/07/2025	3	7	21			31	62											
18/07/2025	3	1	13			14	75											
19/07/2025	3	1	10			11	68											
20/07/2025	3	1	9			10	55											
21/07/2025	3	2	12			14	64											
22/07/2025	3	1	8			9	71											
23/07/2025	3	1	10			11	67											
24/07/2025	3	1	13			14	49											
25/07/2025	3	2	11			13	60											
26/07/2025	3	1	14			15	63											
27/07/2025	3	1	8			9	75											
28/07/2025	3	5	18			25	49											
29/07/2025	3	1	8			9	71											
30/07/2025	3	1	11			12	76											
31/07/2025	3	1	13			14	79											
01/08/2025	3	2	15			17	64											
02/08/2025	3	1	13	18		14	58											
03/08/2025	3	1	7			8	69											
04/08/2025	3	2	11	23		13	69											
05/08/2025	3	2	18			21	66											
06/08/2025	3	2	14			15	76											
07/08/2025	3	1	12			14	76											
08/08/2025	3	3	17			21	67											
09/08/2025	3	1	12			13	75											
10/08/2025	3	1	14			15	66											
11/08/2025	3	2	28			31	69											
12/08/2025	3	2	14			16	93											
13/08/2025	3	3	22			26	65											
14/08/2025	3	4	25			31	56											
15/08/2025	3	1	17			18	71											
16/08/2025	3	1	20			21	68											
17/08/2025	3	1	25			25	63											
18/08/2025	3	6	21			29												
19/08/2025	3	1	9			10	95											
20/08/2025	3	2	14			15	76											
21/08/2025	3	1	11			12	69											
22/08/2025	3	1	13			13	76											
23/08/2025	3	1	7			8	84											
24/08/2025	3	1	6			6	82											
25/08/2025	3	2	12			14	78											
26/08/2025	3	2	16			18	69											
27/08/2025	3	2	14			16	68											
28/08/2025	3	2	14			17	61											
29/08/2025	3	1	7			8	71											
30/08/2025	3	1	11			12	74											
31/08/2025	3	1	10			10	73											
